500
219 4331 9963 4083 4827 500 8992 8987 
28 8011 4279 1002 6974 1028 1732 8008 79 
232 3471 5571 6121 7923 191 2506 8106 5962 
366 7453 7279 5952 8861 3217 7510 2745 6938 
295 392 3778 1235 9526 7129 5016 5660 2962 
155 3171 7010 9797 1643 7763 5279 9248 7296 
312 7430 2061 6443 7174 2631 4417 8522 3936 
481 3698 6066 491 6517 9365 4653 4334 6613 
90 7712 3793 7236 7532 7398 8219 3454 
488 6816 6684 3311 1488 335 7357 8594 9533 
390 7927 8664 9128 2296 1062 498 6166 9842 
459 2502 9161 1450 1902 7768 3906 9681 2240 
64 3168 9382 7424 664 2224 5073 9583 8005 
327 6245 9147 1673 2272 5425 8926 4915 
91 4830 4355 9996 6826 4186 6027 83 569 
236 445 4023 7925 2042 121 1620 9317 6547 
245 6872 6682 2385 7305 8318 8430 4416 4901 
195 9856 5568 9099 5886 8404 2772 4039 6827 2 
207 506 2076 5722 4247 7112 4076 3670 9244 
117 7588 1558 1909 3257 3473 3826 8051 979 
77 5392 7368 4850 537 6108 8273 2470 5715 
423 8274 549 6072 3995 4936 3180 8766 7880 
252 2200 2364 4270 763 8707 7674 2776 9139 
177 8261 4321 4187 7297 9482 7218 725 4035 
3 8226 9472 3794 9529 9935 1783 5610 7949 
105 3711 3598 3459 7346 97 8675 482 4199 
210 8038 2819 1022 8120 375 5299 2683 321 
147 1547 1313 2241 1688 7843 7109 3484 
498 8779 8420 8745 2048 8397 7865 1888 5762 
74 3931 4947 2011 8648 6856 7181 4978 
113 4563 7676 315 797 6288 419 4883 
42 7648 9413 5495 1777 9105 1288 3299 3894 
376 9599 5976 2582 6794 4181 5757 9959 5880 
19 6159 5056 6814 6776 8917 7107 2391 2986 
235 810 6107 5579 7823 5974 7701 8672 7883 
101 5137 1012 4038 7271 2035 3279 5283 7732 935 
433 1629 3617 2779 7114 5289 8469 6468 427 
304 5776 5965 924 5046 4849 4008 1196 5925 5412 
158 7723 2646 3587 4130 7348 6208 4225 4314 
413 401 5508 8280 4163 3595 1474 3838 2013 
300 5001 3911 1068 4292 6864 3424 4512 1657 
73 2217 2654 1404 2122 1203 9630 341 2288 
26 9033 6757 3369 8244 3951 669 7885 
40 4166 1659 2886 8389 62 938 4191 7699 
364 3536 1279 351 7785 7327 6804 2667 4517 
496 5398 4273 2015 1418 2213 4538 580 
247 2839 2989 2963 9108 5084 8774 3461 8431 
253 5204 8963 3126 8629 153 6165 3398 259 
69 9346 361 3378 9257 9229 4298 818 1984 
234 3287 144 679 6858 333 2528 9028 7153 
261 3954 8817 9363 3333 8760 3622 5706 9545 
476 853 5545 8645 8979 4153 4205 1063 352 
461 962 1201 4829 2751 147 9058 1989 
157 331 3423 741 2789 905 3770 7420 4561 
403 2221 6247 6157 7543 5990 7804 3517 8092 
281 8559 1592 1703 1949 3682 5729 2501 3012 
18 4877 5493 8916 1768 7255 8045 4116 2340 
169 4794 288 9103 2686 8192 6265 5388 
407 2977 4846 5460 4554 7654 2063 5573 8375 
499 1862 3194 5711 2664 5032 3695 2245 8644 
340 3849 1382 2567 1244 7835 2523 6585 8134 
118 7070 4231 8479 6433 7784 1284 6442 7791 
462 4425 5611 5024 5854 5603 3971 9146 
88 7220 2780 9626 3011 4599 2830 3529 8387 
241 3573 4122 3887 8437 8024 1322 2092 1181 9968 
299 407 5414 1078 4611 6972 2459 6286 847 
220 2065 2068 11 3472 3940 1723 4496 9848 
110 3929 4161 5306 855 8866 5720 4139 7314 3982 
65 6533 7832 8575 1692 3626 7190 4131 3586 
450 5353 2560 2853 4103 4545 6901 1316 441 5340 
328 8737 3773 9140 8567 6422 5602 7859 
240 6252 9762 827 4856 5094 4061 9759 8794 
265 6243 2216 2814 7774 9503 1448 6822 1299 
421 5944 6395 4696 9962 2719 6169 6353 3877 
178 8215 8208 1811 484 8088 1269 2658 5177 2555 
358 4634 1046 7345 6164 8869 7502 4475 8130 
491 8422 5926 1318 2980 7189 222 7028 5862 7652 
308 7264 5130 5769 8785 7340 5806 497 
333 1551 414 3881 1211 7700 2671 6118 8841 
303 1603 95 8006 8625 9092 9571 9700 
477 3962 2461 1664 4848 7828 7724 2420 8994 
201 1712 1684 4067 9136 7015 6868 1681 5339 
104 8550 9035 3017 5805 2488 9009 845 2875 
154 4339 3478 5453 187 2006 7401 4623 
151 3624 6097 1518 596 4818 7529 7619 9655 
455 1018 2517 8799 4867 3676 9919 5081 8307 
469 8382 1825 8281 8909 423 3310 7066 9007 1668 
379 1304 4955 9622 8504 5712 1312 9225 3885 
121 3854 3523 9631 8152 3605 305 5789 4224 
359 9924 3449 2267 3660 8194 7783 8540 8614 
181 3150 5236 4758 9287 5025 619 2848 735 5748 
41 5599 4046 6132 6912 5017 8769 1594 5730 
61 6297 4899 4140 2482 3850 2826 2896 3998 
356 5883 1184 9998 3041 8796 6782 7270 7525 
396 6210 9166 5919 3938 4515 911 7976 7860 7762 
242 7414 2899 1743 9690 7118 5139 4000 1871 
360 3014 2279 6420 2250 2130 9660 3828 7815 
52 9695 8553 8237 7225 2408 3351 3822 3111 
393 6182 3067 7295 582 3187 1891 8369 1535 745 
218 7734 9441 595 9763 4872 1420 5657 435 
164 693 6033 2850 2228 6930 2800 9434 3348 5869 
370 1526 4656 4221 9358 1725 7468 7469 3376 
170 2140 3133 4713 1559 743 3556 8246 
84 3888 1371 6081 1146 3928 5641 1927 7725 
126 4483 5220 2688 4233 6339 1983 8201 5445 
279 317 6783 1718 5231 5328 9792 381 5584 
438 8094 7898 1291 3643 7175 5754 4650 8514 
424 5782 5480 9760 7620 5059 3192 16 9304 6712 
37 5835 6318 918 3000 4918 3401 1652 1665 
202 8669 4570 7870 229 364 3654 8292 946 8125 
98 6249 2238 9636 6312 4293 533 9112 4652 7438 
397 2769 2775 5312 9095 5047 5634 7680 5245 3074 
330 7730 9389 4435 6307 9752 9454 9811 6692 
483 631 3688 4600 6995 6846 1520 6120 6134 
392 4889 216 9981 2034 5282 8833 6944 5605 
133 1482 6506 4490 1333 6958 9488 5496 3955 7629 
140 7905 8527 9552 6830 2067 9447 9934 4486 
306 8584 4508 4408 8164 8191 2684 3396 8831 
449 4268 5380 8253 3589 2336 7311 6700 5710 
443 8619 5346 8806 3179 4725 409 6754 4091 
439 1938 4718 6158 5315 9568 4489 1494 1793 
203 814 4503 1285 957 4708 4734 6505 3702 
152 275 3526 4874 6278 8497 2742 4149 1867 
394 5516 7687 8438 3170 4992 5486 3744 5003 
15 947 8804 6828 9052 3224 7377 7958 5345 
351 2678 5133 9062 3026 2755 3357 4005 6691 5307 
352 869 5731 9890 1410 6471 5255 2492 583 
249 6002 6289 9782 2471 5021 1324 1008 219 
497 5753 5011 314 2831 3902 728 9574 6953 
153 1612 1014 9880 6965 2252 2641 8761 3625 8269 
127 8608 209 6562 7366 7625 7891 5955 1267 
313 3078 4360 3392 7103 8808 2253 4229 7867 
284 8454 9266 1921 6079 1245 586 7580 7477 1979 
187 3019 909 5987 8727 6957 2836 2706 6022 
468 9155 3658 6553 4275 2564 9232 4767 7775 
487 2632 1854 7957 2287 2849 1706 5506 6417 
373 9870 3983 6287 7152 8501 4659 3968 2207 2539 
452 1635 2918 6036 4195 6535 1128 1660 319 
298 2399 4204 7145 5521 6556 7017 2738 3071 8622 
32 2197 9714 3085 7552 158 3759 1700 8295 
485 2606 8801 146 7144 8099 7277 803 4352 
86 1751 5426 6536 5196 2854 2551 9415 5350 5054 
205 2852 9386 2219 4638 3737 7650 8289 4388 8854 7120 
49 7382 2235 2257 1161 5766 5574 8509 5107 5251 
395 1895 6435 7194 7089 20 8475 6315 812 
334 179 8186 5931 1076 5285 659 5179 139 
425 1166 4738 4394 6335 2722 461 5419 5787 
79 740 3892 5036 1648 5778 2484 231 8495 
375 7128 6379 1525 8291 9122 9705 7731 4837 
422 6396 1582 4383 6866 5363 9067 1694 
387 6224 3444 5929 6006 8033 8744 2402 8914 9953 
263 9245 6031 4323 9956 3296 7359 632 3414 3758 
329 2874 8872 5041 8381 5455 9221 418 9438 8233 
339 7494 1334 9446 5924 2046 6397 2515 273 6021 
354 2987 8272 8975 9422 1458 2758 6591 2460 5797 
437 2153 1753 4648 7711 7797 9456 4255 7729 8858 
271 6908 1650 5943 5851 907 621 4523 963 2038 
480 5856 9823 2181 6276 6142 8481 799 5665 7688 
486 6775 5394 1823 6419 473 1517 6655 2503 7736 
5 1715 4480 6167 8222 4922 9824 8689 7386 
467 3295 7002 1459 2359 9799 6361 6606 6666 
92 4443 3302 6751 5087 9072 9687 6109 7682 
440 8731 5114 8786 589 8635 7649 346 9340 
102 2530 4617 8393 5741 6368 98 9813 495 4326 
384 3068 7211 5281 5310 8416 5022 4167 8941 205 
367 2997 5608 5669 6209 2995 7062 6527 613 
134 204 8740 9329 7451 9553 339 1764 566 
474 2575 7168 6719 6723 6255 3218 5699 838 
214 515 9466 7897 9038 2157 1544 2083 2938 
464 5874 6902 6350 4621 7319 3701 1029 9074 1912 6054 
269 2337 2301 5012 4500 5745 161 29 5381 1945 9199 
179 3370 1630 6900 8076 7371 7909 2469 7406 
267 3879 2167 3857 7800 9119 8768 1005 7567 3009 
87 142 2421 7492 7689 3899 8999 3891 8735 6062 
130 9694 8563 8557 1863 3649 6882 6504 7901 1774 
146 8971 3868 7283 3464 7102 8923 6634 4597 3103 
268 6943 4217 2041 8781 2330 4543 4911 759 6327 
310 2821 4587 6316 5554 8657 4088 5127 1501 
39 7262 4853 6402 1338 3518 5518 5994 7148 3537 
226 4251 2022 6644 6557 113 9773 241 3452 5112 
383 6394 9876 8341 8464 7522 3738 6620 7022 1682 
349 195 8467 2626 1172 2507 9596 2369 3765 4577 
378 9754 618 6146 6887 2832 23 4031 5436 6000 8209 
465 4998 6483 3367 1639 1885 1908 8640 9468 1534 
494 5540 3514 5684 7246 3420 9672 2701 6462 
335 3847 3516 4189 3131 1804 9343 452 3939 6825 
165 2936 2110 7482 237 7727 8374 9895 8951 5030 
95 480 4744 9562 9769 6950 3558 2455 1890 5108 
260 3898 8285 9419 4665 7776 5591 8536 7535 6588 
8 4164 8568 3693 6579 5450 2009 9951 2138 7516 7206 
280 9680 3600 8240 7052 852 2743 2602 7787 
200 7475 1451 5781 821 612 2623 5249 7195 6584 
237 9575 9585 5644 1480 8128 6904 8173 9246 8905 
217 4935 1171 3198 6510 9857 2815 2311 5244 
76 531 323 8359 45 6710 6205 6706 727 3974 2109 
289 3161 724 1998 5222 7358 1545 2277 5330 9404 
176 1001 2487 7450 7257 5102 87 7229 6982 
168 5256 3900 1645 2510 3825 4318 2973 5633 8013 4913 
29 9189 3332 5652 6874 9477 6180 2825 1542 
51 3917 9110 5176 9897 3551 2102 471 9537 9233 
82 6213 4704 1622 5235 7019 9914 8886 5761 9969 
71 2045 628 4711 42 6273 5057 3266 6502 
198 8190 486 8944 2282 5485 5743 8288 5617 7393 
208 3175 4090 1047 9590 2473 8264 4451 7904 
451 6803 9949 2605 8705 6540 7421 4206 3390 5609 
473 4158 6300 7900 2118 8463 2642 3668 7121 5390 
405 7911 9450 4128 2188 3957 4177 7996 3592 7306 
24 2225 4860 8997 2229 5377 5598 2734 5714 1390 2264 
470 363 3196 4112 4740 2075 5146 5203 1509 6538 
415 6561 8730 6349 536 3055 923 4601 2887 8491 
57 8328 9866 7628 7232 9148 9978 7884 4671 6084 
291 5463 189 6959 3451 2610 4018 4142 1419 447 
11 3639 7697 4654 9915 8667 2249 2531 4169 8238 6492 
193 5183 5079 5763 5197 7660 4891 9975 7274 4081 
83 3996 8615 6325 1266 2091 2561 5123 978 1123 
173 543 6593 1591 5725 775 5550 1553 76 
314 3300 8879 8850 7518 6023 3469 1087 879 2339 
160 7873 8127 1616 302 3501 6574 2374 6951 9398 
428 3978 6263 7248 3419 7440 9388 9863 6212 7413 
399 6607 7661 73 5320 5673 915 3613 2195 4959 
414 464 8324 8315 6678 7561 6432 7686 9644 2458 
293 8868 913 8091 5311 6119 1899 6275 8409 2676 
59 422 3907 5287 2687 7308 9284 2434 5018 9039 9265 
336 1693 8472 8260 3271 5093 2882 1194 2827 5437 
444 6475 8426 4598 961 3616 2418 4157 8052 3830 
338 5945 8247 6791 2440 1886 9373 9859 6609 6351 
185 8960 171 7748 3253 1189 7758 2508 5988 7681 
174 4535 4283 7969 8624 280 9872 1053 3404 6597 9931 
316 1656 2785 1027 9513 4050 448 4366 3845 
138 7376 3439 298 7693 9371 3873 5395 5008 6461 7709 
199 870 5089 4296 274 3834 4137 8004 967 138 5064 
386 9326 3685 1010 433 8915 3915 7498 2378 4786 
21 7562 7908 5370 2851 49 3611 8327 6088 6153 
458 3980 6156 4370 4048 4630 2467 4266 
398 710 7074 6760 6896 1187 1792 4592 1409 8710 
182 4908 4105 8149 1376 8839 9960 6852 3399 8741 6961 
243 8277 2354 974 9494 3800 6885 4556 1910 6963 4985 
350 8001 1733 1771 3921 8749 5705 1565 7323 5507 
75 7818 9509 7642 4761 7299 4789 5291 2326 
307 2162 6586 6348 2916 6818 6455 3862 8364 1842 3710 7240 
12 8424 3321 9612 1865 2124 2242 8954 2053 7600 
62 7773 8354 3569 3918 3200 8276 3511 5128 4591 4020 
277 2324 9561 840 6147 3713 4111 3211 9771 3460 6196 
13 7387 4290 7132 5475 2208 1760 9653 7704 4799 
457 192 8957 6697 5853 1713 7656 2585 2522 7606 
150 5435 7106 7503 5967 4085 4492 5360 64 9294 
96 3724 8720 2759 2622 4688 9333 4817 7006 6648 3944 
10 2713 4782 982 6076 6207 5542 6835 9303 5531 
116 7942 4673 1378 2481 4552 6117 6058 6886 8867 
228 1024 5276 6078 6267 4502 2186 4430 5852 1398 8753 
353 4452 9643 181 6172 1236 7717 3848 4238 9075 
17 2497 4250 268 3366 3327 1669 8366 7025 2969 4823 2643 
278 5431 7913 6894 2231 1827 9556 9492 2702 4784 
184 8837 96 8395 9001 7551 5337 8391 5878 5354 3704 
255 248 9916 5338 9410 848 3594 5626 9044 3779 
372 4938 4547 8851 7582 4655 8203 1320 6013 4900 3797 6044 
215 2215 3417 9158 2765 1838 5290 7962 4440 5548 
230 8041 4059 7735 2705 8813 3324 6041 1258 5478 2121 
285 1011 9910 6905 5527 3346 1769 263 7084 4527 
238 3347 4513 661 8551 635 6268 7547 5577 8239 
108 2047 4917 7824 6740 8703 1007 4657 2170 784 
430 2835 1824 6500 651 3024 5618 9090 4522 5680 9364 3783 
401 2777 4642 1131 9785 4120 8457 7538 6954 2327 
256 4386 540 4723 196 1548 6633 8356 2332 1803 7024 
50 968 3729 1785 9123 2581 6541 1104 672 8890 5738 8293 
406 4756 5202 9708 7918 6171 3076 9350 3181 9056 
262 2384 4791 9768 3430 4447 2024 8897 3893 6952 
30 8819 7281 1746 3593 1976 9157 9767 2248 683 
341 290 6531 7954 9064 9066 996 9603 2450 9201 6532 
191 3029 9665 109 6563 6256 5544 2880 8216 687 
109 1417 9408 8232 7587 3239 8278 2218 6319 3080 
23 9024 7184 4573 5152 830 5375 4519 4524 7601 8250 6829 
213 8 9559 6077 688 3065 3242 4934 3662 3373 9555 
490 760 8937 9620 3267 8305 8301 2829 9263 6658 4984 
377 9002 1894 3519 3260 2579 9532 8380 5055 3411 4807 
119 815 3059 5456 6749 5678 620 1200 8035 71 3032 
288 9539 2762 5344 6103 8940 2468 7397 6781 9744 2401 3316 
362 57 8616 5422 614 4239 1727 8042 5083 6294 
419 801 7837 7437 3046 8159 692 6124 6450 2175 
472 5488 8263 3645 5595 8537 1602 602 7854 1225 2263 
141 6704 667 3166 9756 5804 8032 5868 5454 1621 3049 
72 4427 2715 9542 5442 2586 7224 8283 396 6695 
55 8549 7104 4838 9541 7937 6649 3655 4426 3381 
429 1972 5588 3494 4113 1468 6206 3221 3922 1495 
301 1946 3647 4136 2999 8792 3859 581 9973 8410 1950 412 
381 6383 7495 7840 5226 1374 3400 5751 3443 52 199 
124 6239 4603 9061 7605 1970 7770 7381 6055 3140 4777 5286 4855 
100 4064 972 6964 9184 9614 3216 9291 8530 5389 4340 
135 5513 1261 3632 9017 8511 1857 6085 214 2533 
409 3739 3816 6012 7722 7292 8458 5327 1424 3839 
16 6605 2451 7479 6647 9088 9106 3979 4458 7403 4307 307 
445 4132 4173 7171 5533 4454 4272 8500 4589 2802 6177 4274 8223 
167 942 5402 6125 8778 4058 1662 3143 1019 18 
186 3761 8610 6080 2614 9810 1866 9985 6654 6932 4965 3836 
171 5937 2098 7872 2273 8835 4808 4100 8123 5587 3144 
275 8757 6220 1532 3846 4353 3635 4459 5303 9342 7481 
143 1672 5539 4814 5116 9736 1883 5590 983 8853 
97 3692 9372 1801 8650 9471 230 2748 7087 
274 7461 9217 4748 4469 386 849 5305 2442 8493 
122 2280 2111 3646 5844 2700 5275 4335 2636 4528 
63 2637 3410 3317 6636 9059 4155 1384 4640 756 7429 
365 2594 3429 9170 8513 3760 9179 4374 5070 5247 
454 6425 9976 359 9117 7574 4793 1432 166 4981 5026 
70 5635 4690 5685 1122 7472 1519 5936 4895 7506 895 
420 3197 4373 2199 4875 236 2663 1314 5147 5293 3720 
233 1965 3749 8034 7286 6501 2599 8966 3604 9638 
257 8596 4806 8434 9547 1082 4196 4979 8494 8189 
495 7617 2571 6410 9417 1954 7338 4764 4662 6136 8526 7968 
348 154 7799 2500 9474 198 8372 8502 7623 8747 1105 
272 9743 4615 3030 7139 7389 1530 4516 4172 6346 3236 
446 4395 7836 4041 4338 6542 4969 59 3910 9129 
148 5940 3952 6813 1092 2268 1870 8734 7080 2283 
323 7158 547 434 1250 2429 8322 3858 3372 2534 5969 
342 4376 3057 7953 1516 3322 893 9875 4390 7631 
331 5576 4456 749 1298 750 4328 7014 4215 1464 
128 7317 4926 2627 4776 5666 5536 6600 6745 4694 3083 438 
482 1767 8115 1222 3189 6064 184 4467 4961 3884 7133 
142 5629 7990 4632 3027 2796 3031 2801 8972 1798 
9 5597 2300 623 2891 2049 4240 9104 2907 3741 8592 
343 5671 1511 8447 5086 4542 8595 1263 1704 1818 8961 6030 
183 5319 1529 2428 5420 5259 5227 5374 1556 7875 4243 
411 3328 1663 8266 6645 2763 9234 7563 35 7951 3989 
34 5037 3123 6823 1729 2261 7993 6497 4579 1852 
290 711 7150 312 2334 8165 6246 5115 8658 
20 9194 8100 4499 9519 7076 1765 954 1249 134 5961 3521 
25 4575 9298 3039 6598 8367 3139 8725 6780 694 7692 
391 3608 1897 3960 8241 6466 4219 383 1588 67 4055 6258 
136 2710 7228 2841 6472 51 9661 6019 8110 4743 1155 9908 8406 
317 7499 8200 3949 2709 999 809 4700 5686 12 3790 
357 318 3508 3993 5687 1677 6317 1636 7143 5342 8028 
318 9183 8697 4568 140 4582 7827 7344 6200 658 9582 
258 3156 6832 7534 2043 5490 9154 5167 3867 6192 2464 
180 2357 5142 54 243 3959 6976 1808 3094 9595 6305 
319 7130 1957 984 7869 9748 4391 8560 6694 6733 8102 6101 
248 1006 8083 2629 5050 7798 175 8665 615 8529 7396 
223 9566 4380 8037 4183 7272 9796 4297 9237 7849 9758 
27 1991 5487 9833 3614 7208 5263 7412 9716 732 
204 8311 1716 3542 766 9812 1061 7718 7831 1442 
190 7428 2051 9102 165 5827 6849 8413 5213 953 1878 
68 2609 2105 2677 9222 7983 9772 7743 4201 86 5982 
471 7445 6646 4384 7577 1568 764 6657 5484 4284 7266 
478 5558 5951 5814 6911 3112 9000 3861 9514 8569 8893 
6 19 5956 5959 7608 7201 6546 1286 4347 2127 5964 
196 2909 6508 5535 532 3177 5551 8349 3406 7659 
434 9920 9335 4768 3209 3930 8009 3246 2477 4730 
7 7505 8617 8275 3628 542 9021 5205 6111 715 3408 
66 4920 1470 3815 8555 6302 7238 5934 7662 2584 9549 395 
259 1637 4864 8119 5324 9011 8153 8633 3384 5890 6860 5848 
114 9711 5417 9922 6242 7757 6746 7881 1717 6624 1994 5477 
188 17 7115 1342 2054 1973 1199 7227 677 4581 5648 7355 
436 3063 1626 306 3301 7491 4869 4821 7527 1345 
156 5877 430 2145 408 8791 8459 4411 2236 4465 2927 
194 9278 1116 8046 5440 262 4952 9906 9508 406 3374 
89 228 8411 1268 7490 7058 4253 2996 7707 4259 155 
355 1021 8298 7342 5376 7753 3722 856 2576 2593 9005 
374 3492 9927 7877 9020 970 2563 4013 4975 8196 622 
85 3167 2648 2086 6821 9937 5647 2356 2154 2120 9580 
225 5620 6865 4143 4448 9900 6314 2948 3193 9701 9834 
325 7609 8676 4750 4810 5274 1632 2812 4703 606 
254 8390 6543 5938 1758 185 7443 681 7612 9852 
163 6755 3339 9203 3337 5317 2071 6769 7944 2347 871 
231 608 8846 8182 2660 7747 1787 592 3620 3129 637 1492 176 
408 2869 7096 2131 5000 4557 9049 2795 3344 2276 4147 8512 
4 2427 7817 3008 4190 5958 4668 6807 6577 6711 4271 7203 
475 8353 9497 832 2135 2476 6382 3984 9118 6915 3842 
489 3389 7404 8098 9950 2820 5930 2981 5066 1614 9047 
36 3606 1576 8974 7111 8626 7685 8225 507 4728 
321 7986 3531 7793 6801 9196 824 7524 4559 2050 3276 
412 8652 2939 9209 3330 3677 7444 9387 9322 7814 7560 3705 2721 552 
337 1597 1853 4613 6906 3908 2921 3805 150 9786 2858 
137 6513 1280 4775 2950 1709 7539 1084 5068 9163 6218 
38 9507 6337 1490 5120 2448 9018 1360 1107 6824 1387 
283 2548 6726 6640 1234 3359 4322 6308 7981 1412 7668 3543 
286 9802 5334 1815 8790 8063 5210 4446 8518 1563 8728 
78 4693 7388 9710 1578 5691 1274 2151 8018 7042 8058 
305 2331 3382 5415 7528 1182 5683 8724 7113 7431 
332 9251 3388 1055 5347 5121 366 6850 6003 9899 2100 
441 5627 7362 9171 2234 535 9530 2915 4263 6708 8242 9898 
404 149 103 9967 9393 4593 3775 4631 9958 4176 
347 4460 3412 7507 617 7301 9125 779 4072 5911 5583 
371 1698 2350 6463 3248 561 8717 8968 8002 9938 3747 
264 5476 9853 5723 5681 4994 4419 8449 577 2910 
363 1202 7544 8330 1679 5297 6274 6389 2457 3489 7630 
47 7573 7122 2246 492 7695 2370 9929 453 2697 7213 
320 2435 7197 5364 1913 9289 9084 1232 2568 9850 2158 
418 2808 5229 5736 9531 9153 3137 6741 4839 2103 6567 
282 5302 1996 9627 8755 5481 1489 7945 8620 2925 7003 7173 2322 
493 8379 5718 5522 9896 8112 466 5051 6386 4479 8600 
346 6009 2201 7313 3766 439 9874 3446 6876 8489 1160 980 7320 
189 9628 6564 4637 9776 1944 1964 657 5882 1805 3407 3377 
431 4902 2778 7515 3375 1220 5812 2881 1037 7196 991 
175 6279 7378 3972 6183 8694 8576 3283 6155 4765 
447 4510 882 6345 3162 4840 5549 7402 6204 4790 6071 
139 682 1466 1217 3070 5631 2084 512 1094 5200 5482 
276 4126 2387 4235 1666 4014 3462 4862 8976 7554 7696 
22 4466 1995 8898 5207 8981 6237 958 5314 9670 3195 
31 9516 5423 6357 4674 9361 9977 1609 5168 6660 2834 3173 
385 9617 7043 6193 5614 215 2456 539 5900 6589 3125 
315 5819 1126 2441 4666 3152 3644 2744 8695 1966 9673 2892 
402 1064 7316 3318 7343 3570 3010 8630 2559 6514 7395 4602 
221 8895 747 8228 9722 9825 2333 5512 9012 649 206 9624 1985 8248 
309 4722 3512 1893 5449 3591 2824 562 2415 6747 
416 65 2618 1707 327 53 8701 6474 6805 9698 4406 5933 
463 6893 6310 2126 6313 2731 9296 4316 833 1696 6721 3342 9308 7569 
345 7471 8967 1108 9093 1540 7810 521 2187 8636 7597 822 6296 
296 7594 662 5613 6293 800 7214 9210 2992 5993 
107 4564 9079 3293 5765 4644 9207 3627 7164 8300 
442 5357 9693 6612 6203 9527 4852 1473 6052 8828 6534 
294 3245 7399 4950 8400 5159 5369 9817 1757 4403 7959 2191 
211 4766 1678 7370 2519 7977 3733 8316 5124 696 5015 1796 4546 
410 129 4330 2397 708 5040 2134 6773 2669 754 4392 3234 
43 4980 5728 9449 5096 6309 7394 7465 7124 2270 9986 2595 
44 3947 6572 891 2903 4412 1096 8882 874 5803 
344 8047 600 6787 8870 6659 7876 2021 8638 5672 6040 3784 
209 5932 2657 7946 5842 3212 9738 5957 819 3021 7581 4393 457 
103 8075 6154 5325 1221 9739 2749 5110 9647 2754 7570 2904 
145 9113 1872 2317 5843 8477 6284 7557 7928 5532 2911 5471 
466 6304 6231 2720 9275 9126 3767 1977 698 7341 4285 
166 8351 8969 8613 7916 9339 4336 7939 8296 904 1180 6189 
162 5510 9455 9948 7812 3648 6110 877 5243 8891 7517 
400 9560 1231 8230 6939 1060 791 4381 8843 7777 1212 9971 2811 4812 349 6129 1430 
48 1456 8357 571 8892 301 7083 1879 8772 4858 3334 6738 6639 
111 8641 2007 6519 7307 2695 5238 9925 3973 7318 
380 3353 8743 1810 5145 8603 2945 6017 2328 1887 3990 1860 
45 1089 6689 446 1158 1481 9319 2746 5134 837 6051 3818 6980 
216 1819 2293 4833 3874 2968 2230 5074 8440 2099 5129 
212 5125 748 2255 6303 9098 5858 3680 4017 7073 9770 6434 9202 650 
484 1317 9591 2964 1589 299 5682 5953 4332 6522 744 8977 7765 2773 
292 240 1186 7411 1689 603 1926 1440 9156 7383 1633 
14 6878 3477 6565 2625 6529 5663 2169 6034 529 2640 46 
417 3527 8823 4881 2624 7385 5664 5971 5675 9327 6686 8910 
266 4927 2423 6993 284 1400 862 4312 4482 8258 8811 6713 1479 
0 994 9383 5556 8162 2878 7207 534 7548 7315 8243 1661 
311 353 8019 7555 5840 6602 553 525 940 5755 8402 4943 7972 
159 3671 8962 2727 391 9909 4301 778 2545 55 1900 
149 5864 38 2284 3252 162 322 6190 1575 3149 
81 1427 7374 9366 3669 6680 8147 5020 9188 2726 6516 5695 2565 
132 2017 1631 7963 502 7237 6151 5537 4436 8360 5092 783 
492 3872 785 2556 5973 645 85 9946 379 7830 3456 9003 
460 4267 309 3696 1218 9360 4753 1735 1988 8587 3707 
161 3851 4097 3712 5154 3580 4802 9345 6043 6989 5615 673 
382 1755 1350 4914 889 8427 6408 9152 2976 4551 9288 1567 3371 
273 7268 5888 5717 3422 7924 8860 653 1321 8762 4108 
251 7879 6614 5739 563 6603 7287 699 5949 1311 3661 3714 
389 4320 9926 8175 4278 6105 9913 9357 7761 9778 3096 8713 
369 9100 428 6799 8684 2310 1683 5913 2674 3222 721 3169 597 1310 
432 3502 7847 8262 9473 2079 7235 387 8602 5800 5349 
129 4124 808 1144 1742 1173 9523 2026 8337 8746 2490 8151 6627 6324 
58 50 1233 338 344 4040 6162 4946 1573 8803 4540 3165 
426 1103 5035 5978 384 4686 2716 4987 7585 4873 2798 3629 8578 9889 3119 
244 2295 5658 6140 4763 1533 8236 7558 5528 9791 1086 1423 8627 1937 10 
302 9457 2172 6575 3056 6490 8643 7779 7125 2516 2419 402 1328 
131 31 3522 2163 4200 2214 5268 2498 3549 5362 2182 
287 2872 458 9076 3787 470 1982 6185 772 8523 1762 6082 
324 5273 773 5650 5779 4405 3985 6926 8376 6365 9579 
368 627 4218 5195 4906 4016 1539 8072 1255 8155 2799 4045 
46 4676 8148 1302 2494 357 94 1577 5562 4264 39 
222 9894 4990 5963 2363 4223 9877 505 5619 2262 654 
224 5653 3214 7356 9616 8229 389 5622 68 5561 1930 9487 9461 
33 8154 6714 6488 7988 4015 9847 4866 903 2073 9367 2281 7023 
388 1372 9165 7592 8468 2521 8538 1759 559 3810 8787 
479 7595 3771 4485 3365 4716 1745 5336 5441 1444 9721 4739 
227 5439 6096 6457 5786 8842 9362 48 1210 9034 8673 4437 
448 7223 3991 3475 8825 6834 4082 4434 6384 854 8888 5219 
112 7245 4062 2008 8965 8003 4993 6720 4372 9732 1829 6388 6123 2615 
250 4751 7955 9584 5489 868 2922 6637 919 6934 2431 3042 9518 
435 990 9862 33 1851 2355 1843 1861 2766 573 1634 6331 
361 8802 3941 6228 5822 8798 4424 5701 3562 1093 3263 4912 
56 8709 1864 1882 8171 4885 7792 8983 6235 7935 1761 
54 1690 9642 5091 3445 8862 2390 6917 3183 9272 816 5358 367 2155 
144 265 4682 6356 5077 4865 9082 3428 1967 2788 4629 4939 6458 
99 4358 3746 5356 7161 4102 5823 920 8308 235 2620 9593 
120 5790 7991 3730 7638 9370 3467 1035 6518 9297 278 8498 
229 3313 8903 244 9271 9320 4397 7826 6039 6507 7995 7857 5600 2156 
297 2782 5649 7571 1142 1331 3833 9195 6025 1675 1699 5027 6808 2601 
322 7466 5667 4565 1445 8093 7435 217 5262 8739 3820 
206 4769 152 7231 6560 360 8805 8759 3045 2044 2302 3453 
197 8721 304 6098 1653 6223 8114 9891 6489 1486 1744 
94 7994 1968 3182 2204 5670 1207 792 2066 6690 4937 2499 88 
453 4861 2770 2365 1513 2194 283 6569 7603 8789 3210 444 
35 9249 2031 8818 5209 7702 8198 1003 7964 7226 1655 4785 7337 
60 8321 4942 4262 6128 5637 2509 5335 5010 4309 2591 4341 
172 72 9761 4521 8326 2947 6092 5947 7300 3663 8249 5734 1461 7902 
53 6068 1795 4022 7276 2993 998 9860 2144 4816 1256 
106 7249 3115 9068 4160 9814 8170 2159 8020 8877 714 
123 7331 8655 9832 8845 1961 7889 3802 9420 4244 666 1446 6851 4154 6859 6922 
326 8050 5601 3977 5592 3855 4025 2767 2680 2406 5034 4643 9008 
93 4562 7894 9241 6628 8460 81 9258 6358 7578 8795 1129 2730 4974 
67 5970 1394 2725 4175 6104 2037 7478 8329 5624 8103 9849 8938 9197 
246 2090 1198 5223 1778 4281 8827 7726 9787 736 7020 8653 6465 
125 224 255 7177 2025 3213 1874 1521 9827 4375 3431 3566 7533 3568 6385 
1 8141 2222 6520 8031 1586 4903 3809 1584 9997 8679 8319 207 8043 
192 8012 4550 119 4213 7155 2717 1113 7961 1013 2920 6968 2183 
2 5791 9223 3927 3785 3480 7384 9452 6005 9522 6029 
115 7808 347 6948 4387 6459 5217 3564 3058 1297 8197 7030 355 5248 
456 7176 7008 6094 5498 7484 1623 4795 5863 7844 3796 3742 2254 7669 
270 9331 9280 4324 9544 6004 2781 986 1953 9878 9277 3946 5500 
80 5560 5161 7310 6892 4101 22 3292 5076 1959 1045 7655 2864 5674 
239 4422 8394 3638 8607 7282 5045 7094 789 861 6404 
427 6811 8588 4667 3548 3274 1971 1920 8681 1928 1264 7142 
