100
0 3976 2899 4417 7713 4510 6971 1525 5945 8150 2004 865 6209 9937 4603 307 2673 9167 2200 9054 5579 4128 2119 2335 6662 350 794 4015 9279 4895 8051 7459 2029 8713 2079 2918 3365 4737 3258 7329 5091 3123 6000 5018 7391 4968 6822 2831 7863 5591 9357 
1 1581 8112 7784 611 8988 3257 4593 5666 4065 9399 2510 851 8936 3749 8064 8504 5451 2059 8616 2523 6069 2003 4491 9006 1976 1839 5448 7859 2074 9608 26 2553 7533 5463 7226 7224 7190 9265 9218 9053 9056 2391 2349 1274 1850 8953 1423 4970 8876 5085 7257 
2 2018 106 4033 8266 1655 3369 5824 6422 3481 3315 2865 2502 2714 8132 1926 4760 1401 9474 1335 1602 2433 8244 1083 9601 3584 9427 6229 1149 8414 6667 7256 154 4935 1285 3693 164 6090 6490 5343 8728 5130 3087 4329 5049 6273 2479 5778 9268 4645 7152 4467 
3 1219 2544 9832 579 6339 1855 4038 6269 8073 2115 404 8825 9524 1031 7421 2314 4022 1388 6114 3701 7720 1591 2538 1648 5661 6869 3515 8459 9415 2384 7304 6380 603 7970 658 6284 6533 7657 5898 1719 5280 1186 1281 3452 4618 4152 5614 4330 2780 4587 1560 6267 
4 5696 9952 1737 4832 1918 6917 1829 4656 1486 2458 9018 1687 4761 9517 9955 326 4059 5411 8602 1324 3888 9593 4934 633 8441 6397 548 5748 8303 1112 8619 7270 2316 1330 7019 4508 1065 5895 6557 3450 2153 6866 3862 2014 3915 8257 1466 1528 6313 2091 906 1346 
5 505 3091 1446 1472 6438 6458 747 202 7319 3043 1280 4325 5476 5810 2453 131 702 993 5538 6649 8856 4441 4719 719 275 2840 7458 636 3745 1473 2901 6200 7460 7126 754 6495 4014 8494 6091 7840 3735 1646 3494 4995 6659 4129 9017 6360 731 2378 3559 4259 5670 
6 5683 6057 5331 9824 7759 2672 401 4792 8273 6799 972 8903 328 1845 9841 4396 9320 1024 1601 6098 3524 6653 9573 9094 7740 8361 3802 2801 2710 8167 9230 6984 2701 5363 4919 9994 8227 3669 138 5306 8385 9356 8647 2412 5864 2044 8106 3079 7018 9717 403 2081 
7 6367 7826 9450 5219 4851 380 4922 1822 2558 6605 6837 833 3904 610 1363 7723 2466 6670 3996 182 3558 9729 9251 826 9453 7387 9859 1027 7545 232 2147 9792 1900 3329 8407 5471 6089 256 8509 9486 4584 4553 5503 3326 6966 5878 4118 9572 1432 2399 8722 4503 3179 
8 1348 1505 595 8620 4400 3997 5272 2198 8535 1126 6271 1547 7564 9226 7706 9986 3902 1608 7930 9270 5990 4271 4536 6925 3016 2845 3141 5240 2330 394 2823 2151 245 3936 2341 776 6210 8058 7005 7687 9163 8918 9834 5011 2117 772 6635 8951 3459 4882 3793 6585 3286 506 1343 
9 3791 5052 3917 1499 9927 9164 8539 7386 108 2062 3357 6452 6170 9759 7397 4819 803 7721 8373 5050 5366 7356 5206 9838 5311 9036 9082 5632 5949 6862 3301 9945 640 6650 5444 1794 271 3381 3100 4351 6835 6798 1563 8444 8522 4298 3227 7154 2587 7667 4945 6886 1840 4826 6828 
10 2631 9911 2689 2819 1776 559 341 9651 8654 2625 741 196 2705 3430 6531 103 4706 9459 1370 6351 396 9826 1823 6399 5535 8025 8744 1573 621 4751 6489 8653 6898 9750 3309 7715 5017 832 8875 4371 1395 5217 9894 7064 9976 2508 5118 2952 1236 8193 2734 864 978 2531 5075 
11 3233 4729 4269 8017 9134 7203 8894 82 4077 946 1075 2842 9302 1212 852 785 2175 9942 3973 495 8496 5179 6150 9109 8143 6801 1227 6251 894 9579 6775 237 1774 3194 5218 7370 2345 6919 5609 1736 3543 5458 5122 9643 8533 28 2184 9874 6818 9930 4011 5228 1353 5677 6554 212 
12 9814 338 1008 3499 282 5590 5086 4988 4194 821 7913 9126 4839 2979 5399 7527 758 4143 7455 2244 8971 6372 5441 7423 415 7481 9473 9680 6199 4756 9316 6077 5060 791 9511 8057 8044 417 7011 8717 7150 8816 8348 1433 9721 2275 6788 2726 302 5255 9687 3897 4121 7897 5618 3197 
13 411 7757 1628 114 6142 4495 3783 3476 1163 1597 5620 6967 7606 2702 8092 949 9827 4460 2019 6100 3446 9910 226 1985 6322 2719 3700 4451 2389 5381 5709 2565 5298 9232 2651 8589 8586 1624 927 4151 1933 4111 3284 2571 7645 2795 2110 3777 5823 8863 7590 7066 5889 8832 112 9847 1557 
14 210 6923 5912 8846 3686 8026 1697 5143 9173 947 8756 7242 5 2884 1634 3744 2342 235 2061 6314 7845 6702 7169 980 399 8976 7373 8212 4880 7886 9061 8283 171 3662 8359 9836 8542 4322 7155 9992 2917 2108 2974 7649 2222 2718 6324 3935 5303 2036 4166 9090 617 370 7342 4214 5070 8637 
15 2805 9369 3432 6969 3545 2106 4450 6462 5740 1026 5287 2904 7141 2676 9700 1145 4686 4809 9411 592 2041 4442 6456 1639 8096 5098 4696 7997 5359 3366 1844 9632 2602 406 5263 1439 2648 8634 9527 6228 7769 6851 4336 8852 9237 8941 5421 2451 8498 5568 4124 9799 2607 1004 9010 5059 2353 2078 3322 4339 
16 6512 9560 7901 266 8139 3040 7868 2070 5389 9489 7932 76 6366 344 9275 3448 6789 2731 5041 3360 9075 2468 6081 2773 6982 2989 9909 7416 285 5862 1005 4372 395 1139 6393 7613 7027 2465 7916 2604 1380 6158 6904 3030 6180 6002 3398 5775 1097 4929 7691 7628 9463 3768 2158 6883 9317 3670 4804 
17 3971 1513 6377 1937 5999 3810 681 4277 3531 7899 6959 2955 5459 8279 9432 9370 6541 6488 4537 9130 6083 6214 8467 3566 2522 8795 9105 988 9595 6320 3374 7922 7093 4868 2982 6794 7620 1809 7106 920 2434 3184 9493 6345 2086 6031 1807 1729 2671 1273 2778 4142 524 8883 5087 7496 9690 9531 571 
18 4236 1454 2360 845 6409 220 8084 7292 5964 1526 6401 712 3946 3816 6183 7337 9129 3796 6003 9714 9190 917 5963 4918 9254 5741 1437 6253 7297 7908 15 1959 890 9101 2539 2824 1347 1826 6161 7734 1588 5962 2732 5721 247 9435 8888 5837 494 4950 4905 9948 8255 9816 5722 3264 6945 7745 3391 
19 1836 460 4488 6058 3418 4075 9871 3847 9334 3565 7145 1415 5664 3645 3656 5268 8702 437 5432 1364 9888 5246 6726 6542 8661 9805 9758 6755 3743 9464 7240 5880 1389 6182 7320 9548 555 8475 1676 4051 3401 1366 1386 3695 6674 6638 6328 4149 3759 764 6915 7002 3300 9807 709 2877 5192 3496 7279 3637 8605 7939 
20 7974 297 807 3955 5348 6882 8277 3468 8180 2830 1584 8186 4734 5729 4511 1041 7831 6627 3546 1403 6981 1688 8965 8149 1991 5797 8328 5774 4534 3394 1108 6936 6619 9447 3321 17 2242 6498 4660 6752 9646 3809 6963 8984 8606 385 102 6333 4561 4687 7468 461 4191 1590 8160 1174 8117 5564 6249 43 7163 368 6497 7928 
21 3159 739 5490 1123 5046 6962 7435 6014 8791 4801 5112 3890 586 2329 8490 4867 6604 6232 1745 4218 2869 4071 3853 8216 905 939 8076 9562 7596 9456 8650 9430 538 8395 8224 7867 465 589 6371 8824 500 884 5582 7800 9039 2457 2976 1474 4568 8438 3587 146 4538 7165 4926 2903 5168 8155 9528 8442 2583 9041 4357 2600 5337 6598 
22 6043 6037 1238 6655 7607 8967 8743 1589 7312 175 3255 7273 6753 419 3260 2495 5035 7605 1769 675 2376 2699 3316 4258 3188 5307 9471 787 4039 5057 6979 8249 3720 9637 2942 761 6709 9138 2816 2839 6441 7271 6611 6930 6926 48 6018 278 1919 1394 9525 6954 532 9365 9639 3303 3602 1862 8688 4052 8380 
23 591 3741 2791 8836 6024 1847 8282 2094 8874 2694 8538 4841 9050 7894 5592 4837 2281 8486 3676 4314 1626 9817 7081 912 4577 632 8056 1316 8447 7843 1025 8478 5636 4843 7267 5427 6970 8201 1555 5036 6197 3572 662 7991 8211 3685 6464 2377 8374 3108 224 4714 2892 4886 2996 3835 5842 784 517 8382 3919 8792 2784 267 671 1656 
24 1426 6007 7793 8885 711 8879 407 1674 6403 8197 9764 5198 6747 1481 1269 5751 5808 5214 7293 4833 6195 695 9563 8015 7314 8370 9402 2381 8864 2177 1392 8230 4786 6139 8402 4043 9381 7164 1046 4205 9158 3629 7774 656 2954 1647 261 5716 6483 3512 2656 8119 7751 3630 7263 4871 2315 7872 2893 2165 8079 5134 7144 1340 1876 3304 
25 2023 9972 9175 4181 2113 3342 3729 6436 3664 2256 2499 9998 3124 2768 9996 4739 7395 1094 1587 3104 5494 4668 1002 8398 6394 2390 7324 924 459 2419 4016 1377 6928 5383 5919 4520 2782 3362 777 2269 6937 3435 6719 5915 2900 6096 6264 8379 6327 1990 1987 700 6260 3557 8127 9752 4586 2206 429 1056 6716 5747 8815 3488 7611 295 7516 
26 3359 5431 1833 6370 6965 3765 848 2532 6831 332 6145 5026 4486 9624 2998 9419 5262 6029 7025 3697 3574 4727 4021 2497 3703 4599 322 7472 466 9885 5126 5221 3270 2087 4923 7502 1375 774 6549 5611 330 296 4678 9187 7846 3204 4875 1013 5603 5572 1800 6802 1838 5397 8998 796 3129 9916 5994 8449 5980 7133 2327 6070 8734 689 8724 3511 
27 2489 8802 7156 8506 2736 3436 2776 9408 3220 5638 1021 4443 3080 7248 4138 8134 9899 5470 2313 2936 2452 4061 3618 1058 3974 7743 8501 5743 2528 9636 7483 8534 7830 1354 6241 4805 3250 3479 9239 8958 8577 1970 923 5607 2288 5174 575 3849 9546 8583 5489 4069 7053 9350 7543 4594 5426 9029 480 6964 8336 1422 115 5695 3555 3425 1226 8738 
28 1017 7888 4944 5687 8313 2157 1872 979 5902 3088 8487 9125 6590 4546 287 6404 4266 5496 7021 2626 2667 4192 405 7146 1406 6827 4267 6771 5523 5886 3879 3585 3954 4383 4701 4626 2677 4353 1611 2467 2704 7923 2205 2027 4615 5379 2657 3138 9299 3798 7950 9312 8003 2717 5270 5466 2107 7359 8961 2319 3234 5040 5806 5423 6582 2988 2064 1243 447 3458 
29 5699 9742 3537 1 9669 5586 75 1246 9936 5096 3048 7981 2000 8768 4434 1032 1658 3280 8798 6175 2323 9267 8209 6088 6905 2130 6429 5232 4160 9541 8085 9543 5434 7436 2751 8337 2109 7282 2370 9892 6706 2933 7114 7490 4674 4723 6384 6331 6298 8635 2069 3203 2649 7643 7429 5066 349 50 5876 7719 5372 3186 8038 7444 9315 7383 
30 8944 9377 2076 9465 6222 3654 9673 4108 3318 9515 2179 6737 9898 9071 2902 436 6561 2309 7058 1915 8850 6305 1851 4635 4889 2938 9466 5549 62 5796 1953 7847 3068 7879 9335 1997 9516 3090 9819 8448 4120 6743 1813 3387 4233 6392 2470 1988 9495 3730 9957 6084 5679 2066 4580 5524 1103 7907 4482 1798 2870 1875 1502 3504 7704 2447 3705 1516 6128 914 1714 364 4492 
31 5833 2481 3799 3837 936 669 1660 9612 4480 6188 199 5271 32 1248 7070 1574 2640 4479 4697 7582 1365 5617 5037 720 2949 1134 6332 306 8763 5884 1371 6689 1721 1050 762 2219 5613 37 101 4810 7223 8499 3958 1787 4349 8292 9417 6738 1849 7857 6418 6297 9269 9339 1298 2834 8251 8911 2580 4362 5216 3096 3945 6049 3477 7957 9977 6878 1402 3576 5622 2308 2298 
32 4374 7343 2733 2243 5948 4855 9391 7668 4504 8555 5626 1530 8036 8371 1176 7561 1342 2560 1458 679 1352 7092 1805 9043 7230 8473 1138 5340 14 39 7951 9733 2603 8159 512 3981 9707 104 8812 2252 7023 969 2163 6213 8831 5675 6516 3851 1978 9431 7978 4861 4545 3619 7995 177 317 79 4377 732 2042 5785 4337 7303 5325 2455 4334 6910 1071 3285 52 696 769 4148 3376 325 1577 5249 
33 1435 2482 9891 6369 8110 1150 8946 496 8551 8793 4130 9180 2706 8008 597 4481 1425 5358 6093 9067 3755 9410 1282 1871 1907 916 5365 2105 5144 9554 1225 7738 1538 4904 435 991 9537 7531 46 942 7438 5693 8596 7071 8397 3014 7598 1808 2435 8510 9735 8163 3856 2941 498 9507 6 249 67 8422 6048 3072 7388 641 8987 2359 4787 3674 5111 
34 126 166 620 6060 4023 7493 5074 1945 935 4530 9820 2825 4655 2764 836 6735 2907 1475 7708 5119 8083 9677 9111 471 5231 7987 6453 1664 786 6132 2426 4776 4869 2500 1220 820 957 8335 7681 116 687 3278 259 2417 8263 1447 4766 8565 6559 3193 5853 5284 8909 3516 5033 5711 6466 2031 262 2859 9727 85 6749 1252 5856 6960 7227 3247 5167 8346 7810 8892 2295 5905 8463 4854 2321 9558 3977 
35 6607 2369 4387 9400 1938 6929 8662 8627 289 1158 4847 2678 9794 8256 7783 6262 2908 5299 8200 6736 3070 605 8752 4636 1382 7597 7371 5989 9332 7276 8890 855 9020 515 233 965 2095 6508 5058 4915 9361 1785 3259 6797 4620 521 8677 8265 9160 5839 5138 4203 5203 8838 7139 7235 1237 6751 8247 4606 213 753 1001 7442 7569 8082 2221 209 7963 253 8882 8687 3773 8352 246 7895 6784 6030 
36 9200 8861 6189 9617 3323 2050 5877 8926 6846 3421 3774 9961 5855 857 6636 612 6283 6244 1923 7229 6665 1408 5691 9777 2990 3167 7733 8758 6140 6698 9337 1016 7505 9597 4413 8291 6005 2307 806 3740 809 8898 1909 7729 7452 7313 2173 8659 4219 6583 2120 4927 7682 1464 2048 5773 1270 2240 7456 5756 5541 4115 5505 4216 5758 4858 2311 1821 8254 8029 2781 4425 2189 7112 4777 7893 7038 2856 7754 2503 4997 9219 
37 4352 7406 4974 2480 2574 5547 3581 808 3739 9273 5593 4711 2688 5061 8396 3655 3944 7578 6683 497 2449 1309 8997 9363 9634 8286 2259 5156 7214 554 9065 59 4004 1682 6973 4979 4007 4307 6916 8228 2664 2755 6707 8723 8683 5460 2413 4691 9532 1118 2985 7576 6157 4242 6833 2646 7000 4616 4644 5378 470 1197 5301 6691 2446 2332 8897 9842 4675 6115 3107 4158 7575 6355 3698 9000 
38 5103 1771 8461 3434 2404 4672 9063 6181 7310 7499 69 9068 4795 6102 5006 5251 1130 9768 1705 9584 5401 780 1816 9328 1207 9358 5681 3397 4591 1303 2208 7349 9991 8579 3659 1117 9740 7688 4201 602 6912 834 5744 7635 6686 2339 3949 545 9968 1015 8237 7451 6820 5361 1109 1521 7495 221 9021 4385 5304 8430 9812 3267 9177 2037 7806 8727 4461 9518 6278 7808 5068 576 9787 2858 8711 4859 192 7935 9915 313 
39 2312 3390 1767 8995 3189 9429 2526 8020 2588 9649 7392 4502 4976 8113 2914 4084 8468 4312 9280 1657 3691 8679 312 1903 967 2300 6461 2164 8845 1376 630 1098 2758 8098 2122 4054 926 903 1752 5896 5281 9949 6097 3404 883 8281 9934 6769 1260 3046 9985 3472 4280 2994 7664 1754 2461 6202 1540 5932 5442 4700 6899 6568 5838 29 7414 3239 6347 5392 6704 2232 6927 5918 2593 2745 2178 2211 543 7199 4673 2267 7372 327 5072 9506 9607 
40 3302 644 4215 1183 5946 4755 8665 2797 5062 9145 560 9798 4836 1726 9024 7217 4806 133 7187 8343 7176 863 4583 1539 9089 9438 4608 4237 9494 4550 9122 8625 9189 5570 4044 2961 7602 1596 8766 4437 5241 97 5294 3894 958 788 2803 3578 7100 191 6652 2407 3857 5500 1559 9375 9979 6640 478 2887 5935 9575 8847 3738 6757 2729 2056 7394 9719 1159 5612 879 3839 9583 1965 4518 6160 8142 5799 7231 4241 3168 9476 3690 
41 2490 5937 3920 5237 3230 9011 9861 9839 8990 6136 1188 4078 1980 2082 5183 4828 8633 4659 6493 1536 4379 5746 3248 6171 7929 9762 6105 4211 2436 7087 8019 4098 7107 6562 9662 3673 8543 2225 5589 1672 8866 2204 8457 7761 7358 1804 2060 7384 2155 2030 9743 4085 742 5395 6259 8884 4347 7134 1154 3995 7829 2873 6861 151 6948 4838 345 1251 9104 1360 1982 4268 2973 1846 1085 6130 5836 8318 3742 7430 3221 9828 4359 3930 9886 2691 9116 
42 5533 6682 8849 9154 8595 4946 2057 1515 9421 5413 6710 8629 8777 7148 2686 8477 5682 3999 5982 6095 5724 5879 3166 7482 4324 996 2306 7077 6440 6570 6487 5181 3854 4315 4032 5185 2421 2848 5925 8408 4097 9865 6285 5276 9912 1941 2193 7428 2476 3503 4521 7476 255 5165 6573 6877 5322 5931 6909 3161 6770 9271 1187 7036 375 3276 72 4279 2432 2262 2192 8889 9939 7095 4619 6601 1459 4217 2368 9757 1735 1214 1969 573 6375 
43 5064 2111 8974 3195 1259 8552 3716 718 2116 3941 3492 4412 3934 9195 928 5686 6507 7692 2320 9248 4996 377 5539 8807 6383 4685 7887 4722 1442 724 6711 1972 507 3026 4256 4907 2127 1491 6580 6062 6610 9780 6842 3137 2272 7131 8664 2097 5329 9031 2728 9574 9712 5048 4834 4820 1317 2605 7375 2543 3018 940 186 2203 7638 8491 3978 4896 9418 5362 2227 9702 1952 5211 7610 1440 3942 2443 9135 615 162 8571 7291 5171 
44 2647 581 9823 3 2712 4947 9693 2459 8052 493 3163 3726 7213 3353 7377 9782 2668 9004 8975 7277 3886 2355 3332 168 2584 3832 8977 2398 9308 8643 8667 3272 2007 47 4073 531 7431 9920 5780 3112 593 5469 6520 5422 2836 2956 2340 8267 578 9088 7089 7037 5868 5435 9156 5402 3126 479 7347 5859 5313 643 2621 5133 2471 4939 4439 9672 7260 4 3908 5573 88 9083 7252 178 1927 3704 6785 2131 9087 3660 1667 8922 451 8007 5546 4025 880 7629 8695 3223 
45 2154 5821 3561 6841 8927 3747 8039 1209 7547 351 5536 3173 9114 1569 7792 9734 3819 9753 2769 5248 1030 8581 9013 3869 5184 6291 5132 163 6388 1576 2096 2395 7841 1465 2046 5095 9491 409 8061 1436 3208 3165 3029 2141 752 105 5194 286 9488 3249 1863 6545 441 6121 7850 5121 9206 5983 7742 9333 7727 1078 7639 3017 2053 7772 8123 7670 9738 1806 2541 9699 3937 3238 9763 3127 8690 4092 8973 8081 2641 1391 6903 2860 8886 781 2520 8078 4174 1795 6256 646 
46 5491 393 1843 3770 7581 6741 1411 8204 6445 7705 1929 6315 3417 3388 484 2334 2065 4973 3896 6349 1629 5405 1068 4870 8456 1014 6342 1286 1034 6644 2851 4453 9383 9352 789 7367 7871 844 971 5739 9301 6124 9913 6884 1914 3153 9720 9401 4798 8013 6768 4912 3615 8641 8692 5818 9569 678 8536 2709 9875 2366 2251 6250 3474 5429 9908 2527 4096 5202 8226 2854 6352 2707 1240 7542 2487 8562 3646 4959 9877 8111 3813 3244 7284 4562 6187 6538 5384 
47 2191 9076 4103 3891 9959 5976 3308 6302 7804 5525 5966 9741 8730 5368 3006 4056 569 6521 7940 1865 2812 1074 8749 4487 8929 8663 2304 4327 9793 2923 3715 7741 8599 8088 55 1777 8120 5136 4010 5039 977 7178 5970 6449 5971 9577 9570 1168 8940 8464 3846 8887 625 7537 734 3071 9192 4188 2627 391 1244 2012 4525 5782 827 4294 9552 5152 5088 1088 5253 5356 4590 9179 956 4712 4179 4005 7609 2075 7185 5594 2318 6143 4260 4249 1147 9424 4613 6054 2573 4253 4515 
48 1373 9188 7073 9342 9162 6773 7054 2006 7334 1858 8165 2445 5396 722 6353 1543 7006 1671 3375 552 6379 868 217 8393 3598 359 6168 4305 1229 2806 8640 1018 6908 5024 6001 8259 3000 5587 3094 3823 2922 5957 8920 3631 4161 6760 5319 1683 5515 8365 4764 3103 7182 442 6762 9629 8853 2488 7109 6941 7396 7065 6849 1572 8137 1856 549 8548 4588 431 7519 4132 218 7842 1431 1635 6654 6450 8801 8736 1072 2114 323 3620 9688 8121 8425 3754 1424 2134 3665 7631 2180 1544 6586 
49 1397 829 111 1054 7654 464 9426 1450 9559 5552 1943 853 8924 4380 7402 9060 565 180 888 158 932 9696 1971 1908 6589 2337 1194 2897 3963 428 1127 5829 6661 3794 3215 2150 4029 181 9746 8177 4180 3361 9262 2363 8930 9201 4874 8638 6734 3216 4829 4724 6518 7833 58 707 2610 9625 2615 4866 7162 3608 4740 3192 8585 8614 5418 8621 5798 8146 7530 3136 4162 7994 7752 3838 4890 7269 9536 27 5851 6855 2597 8285 1028 6791 4513 3217 7437 2103 618 5978 7971 5021 619 568 
50 361 272 4936 3951 260 8048 4576 9747 4957 1761 9081 3349 6304 2491 3994 813 425 9439 4516 7317 3841 4202 6891 896 3382 7952 5101 2367 5986 2028 7832 3833 4030 4872 8298 6212 1082 8269 8294 1469 9371 9932 4643 6373 6696 2361 320 9207 4060 8978 5621 8518 7644 6318 3604 7549 8322 2826 5737 5484 9253 795 8993 6400 4925 9502 1181 9788 1037 7167 7776 1824 2787 2247 7898 3892 2723 9235 4361 7361 686 5025 1266 7616 7552 9993 2090 727 7298 3015 6073 1211 7352 5559 9683 1920 2727 2724 1249 
51 815 7848 6042 9971 8218 5187 6482 2506 6078 2654 8860 1498 4822 3711 8524 7124 2809 5874 3582 8031 4984 6087 9305 7447 2139 7968 2209 9127 334 3871 1728 1612 6335 1746 5472 8451 2549 1637 5115 2362 9658 3866 7426 4373 4853 6503 7014 7594 4813 8169 1722 8748 248 3734 7617 1704 4114 8858 8189 3712 759 1182 8334 1310 4651 5196 557 6617 6169 4821 9611 768 8826 7587 9037 9751 2220 8023 4782 9124 3337 9217 9954 4057 7710 9378 5644 721 8409 5290 8684 1462 6021 2282 4150 7233 6163 6577 1268 6252 4602 8873 7809 2912 4053 
52 6708 3338 9710 846 2278 3855 706 631 4155 3057 365 4575 3962 7184 1367 1456 6053 5973 8356 5629 3916 8600 9964 4342 1566 4248 2504 5723 6779 7878 3240 6015 389 1042 2939 4445 5056 9551 8587 5847 6720 5456 445 7249 8148 4239 9940 2264 596 4392 6615 4452 2266 963 7748 5486 414 2566 5960 5481 5439 1956 1142 6126 2739 6843 1119 7825 230 2850 4177 1911 7439 5967 8580 6118 7637 8712 4309 835 2444 270 2972 3556 185 5176 5254 2185 4864 7849 4840 4088 3624 7158 3882 1993 4654 5109 9442 9396 4286 165 9510 7410 
53 4426 8841 7736 473 7001 7031 6949 4335 1164 1869 6218 3632 2230 9026 3001 5149 3273 6092 792 816 2072 6323 8785 2524 4117 6840 6502 7652 6491 5516 3912 9578 4397 1778 6443 6804 7221 3483 6303 1523 4080 1073 8210 3885 2663 9618 6609 8195 4750 4743 8272 7403 362 7239 2284 539 9627 4375 6565 6201 9978 7454 228 3122 3486 3611 6867 8796 7880 9197 810 5205 8417 7756 142 1196 9519 5992 5634 6281 8068 4145 5903 8905 4563 3789 5124 4842 3372 1831 1939 2529 5485 743 9469 3640 1080 3860 9002 9675 5209 2418 7008 6834 668 
54 6012 2521 1383 5332 3364 8357 1341 5697 5031 3037 4628 5414 8657 3054 149 5286 694 9107 9582 6677 6871 7946 9808 4405 3653 279 4747 3836 7795 5416 2658 1815 4382 9385 2779 6748 9850 1904 2133 9923 8465 9120 7979 1308 7057 5333 7514 4350 4163 1405 1304 4469 1888 3612 8205 5410 1650 5894 4485 5767 1359 9781 5497 2167 7195 2958 2238 64 4229 6164 4125 1038 1501 7099 869 3507 6075 78 3956 2692 3345 8047 4933 7747 161 6885 5678 7307 1640 8519 6532 6796 3529 6308 3826 1789 9231 9801 7778 280 1550 9278 4652 6780 5768 
55 7183 1327 9771 5071 688 288 6044 1600 3063 5116 6416 4295 6994 1803 7074 6764 2190 5078 9568 2783 1652 3614 9462 1995 1564 6340 6094 522 3881 3834 3975 2911 238 4083 8497 839 3149 6288 4411 1750 4024 4332 5861 5487 911 3047 9477 8472 3453 7179 3183 1104 674 3990 6485 9882 6243 3943 9895 4093 8242 7823 514 5550 2997 2292 7671 5786 194 2052 5499 626 5639 2890 5353 2711 5858 8607 347 1645 3808 5380 5076 8482 841 8507 5201 7731 7927 3004 3256 1494 1701 6387 6177 7192 4569 7069 6065 7351 1009 9152 3172 4994 1916 4707 1617 945 622 1011 2511 9240 
56 4193 1387 1135 128 1369 2771 7059 3713 7814 6933 6208 7904 9887 744 7290 7648 4221 2775 4666 3010 4596 6987 6234 5890 5553 5887 5852 9395 1681 6265 2486 2214 1994 7905 3811 5534 8474 6630 3222 9530 1684 8489 7357 2876 5834 6750 3842 1599 4526 9184 3445 801 9016 1532 2125 3822 3568 6952 5043 4424 1575 7911 6988 5866 8764 7794 1514 6675 1100 6587 2620 8530 1184 8786 3807 3900 2402 7854 9128 7247 3887 6131 8779 1618 3074 2068 8086 7393 9878 4018 187 7245 8476 188 8152 2040 3961 438 7642 4551 8350 4630 812 7041 6026 6270 231 6754 4592 
57 8788 2058 4541 3731 70 9007 5872 485 9359 7522 2680 236 5537 5580 5813 3736 6500 5492 281 838 5993 9025 7976 5501 36 8833 3926 397 904 3923 4978 8423 6537 4632 264 6279 7449 9526 6486 1337 4119 7166 5938 5987 7479 3948 5330 9256 4376 3243 7798 7385 1934 8445 7954 5809 6717 5425 8290 639 3880 6579 9030 1642 3520 3416 92 8403 8646 8093 828 9266 9161 2889 8351 2924 6198 3190 5346 3702 3252 8952 9904 6555 8532 9165 5910 1757 7354 5261 3752 6645 3212 5055 6041 6011 8624 2043 5034 5557 3848 623 1385 129 2947 7492 7989 3205 9311 3595 5616 1651 4768 572 9484 6574 6107 9790 7341 5965 7446 1045 8877 2846 7960 
58 5532 222 9655 8158 9966 8248 563 366 420 1620 7368 8001 4910 6944 1067 9347 898 4554 900 2852 9461 9294 2637 8443 9596 9169 7680 6958 5718 6025 7728 4477 7289 1278 7779 5595 5199 2235 7228 3911 677 5726 9327 8353 5409 8931 1592 1901 1753 2138 6872 3460 8284 1490 4284 4465 7497 4365 1133 8258 4601 3470 8839 8215 1276 5694 6786 606 2182 9437 1144 6254 6887 4463 1297 2505 1444 1463 2001 8759 9504 3028 2746 7048 9946 6268 6543 3211 1977 7883 379 6631 12 5445 6668 4901 1169 8531 6892 5657 1272 9374 3050 9098 1461 3728 5704 8844 6701 6712 3433 5760 7780 4726 7340 1717 
59 3517 7255 4735 8622 7418 8691 5437 8757 8939 5801 5289 21 4186 8576 5408 318 2159 9889 1336 6235 7401 8857 8308 440 147 5028 331 2965 7498 1457 5223 4410 9257 8557 6525 908 8315 5906 6059 3750 2233 9362 4048 4780 5860 4176 4102 7677 7623 89 450 6824 3787 6221 3283 8655 9157 6991 8481 8878 9293 5285 1558 4288 4852 699 6064 5781 6777 4849 4741 7440 424 4304 7484 8549 6811 5296 358 4154 2338 4705 6236 7988 2129 7208 3588 8367 5334 6914 8672 8070 3769 3355 6551 8470 7030 2992 6705 5044 3092 1492 7789 9304 9922 481 6634 6968 2632 740 1398 5247 553 6816 3041 2752 3938 6237 5213 3310 8821 1033 
60 4699 8153 6990 421 6153 6309 3696 5475 6681 9846 1467 1315 2813 8980 3970 6050 4555 316 6781 1936 4681 8568 5013 8803 2885 5400 9227 6733 6856 5063 2325 9340 2872 6179 3347 1201 3293 8981 4000 4472 2373 8077 2880 9131 1087 9171 6071 4757 9567 1255 7339 922 8330 7824 8694 4597 9147 3038 6766 9364 7050 2747 257 1670 3036 8307 5566 7817 2169 3034 8970 5387 7309 5461 482 3540 3901 9483 3651 3939 897 1035 8183 7583 5749 4773 8176 6227 1443 5443 2919 8994 8704 1690 4245 3550 3086 4661 1121 5170 2396 4213 519 502 3518 9709 1178 7782 44 750 5374 8547 1441 8783 6428 580 8324 4532 2913 8172 7422 5708 
61 7028 4762 4556 1417 1283 7686 6343 2460 5845 1171 5761 9113 0 5669 4238 3549 5765 657 6468 2093 6826 929 5615 9146 5562 24 5719 1313 3344 5347 4483 4519 7703 66 1621 8043 8746 5750 9451 9143 3718 6165 1482 1553 1455 8317 7364 8141 7362 6423 6684 9449 8455 5385 5377 1091 254 1113 8737 9633 7060 8055 6805 7427 7274 6217 7417 6148 9166 6099 1947 1231 3723 2767 18 4767 8901 5277 5521 3067 854 4290 3732 6159 7045 5795 7123 6641 9933 6425 1468 2409 6246 6566 3986 6514 2422 9382 9975 3591 5100 3473 1715 8241 3538 992 542 653 2564 2818 5236 2612 7079 203 8413 1731 2212 9055 6603 4416 2737 
62 7924 5816 1861 6492 1595 7117 6010 6141 5338 5120 4101 9623 4169 4965 314 6280 5300 4547 7135 1841 5763 1542 8126 71 5610 6080 2448 2172 6354 7040 372 6547 8895 1968 7875 8466 4650 7007 5433 9650 2945 3447 1434 918 6902 5069 6939 7777 6174 2757 1222 454 2552 8107 7294 2210 8503 1101 8597 3035 4027 1760 4067 1125 5575 2215 489 1922 4423 7174 8245 513 3563 5519 5584 4856 5619 8902 9215 3526 4808 6996 4578 663 7512 6622 7348 1766 7424 1265 9868 5943 2089 5650 9144 2888 20 2464 5841 5142 2944 1551 9938 6363 1257 556 7400 7378 6110 4419 995 4972 8516 4558 3331 8648 5279 9224 3564 11 7445 7118 2126 2324 802 6103 
63 301 6185 6242 1610 7404 9066 8002 5190 1973 9046 4028 8264 5155 4589 7494 891 5701 2509 9864 902 4692 152 9048 2492 8508 1661 7138 1044 7153 9095 3170 3292 7244 7910 9102 2296 1000 9212 3914 7551 4999 4881 4736 2753 291 1522 7287 1859 7477 1718 8550 793 9191 4399 5555 4639 1700 546 5554 2570 3191 8375 4227 2581 9681 866 2883 4116 1792 5455 6364 9398 3988 2798 7874 7985 5388 7063 8649 1069 4156 4225 4369 3570 7286 8327 7049 2906 6921 8223 9323 3721 1372 600 1830 363 9831 974 8299 8431 3235 308 3876 1653 4803 2386 6156 5477 4255 8912 2577 1361 4509 
64 7116 7509 3551 8261 4037 997 7120 5173 7012 3182 7105 7716 3111 4354 96 4884 4941 5502 4811 9480 8610 1819 369 7345 8584 1882 6812 6522 7266 3295 7327 4663 2670 2849 340 22 6989 9390 6032 511 6651 3093 3510 8319 5844 5752 5706 8394 609 7958 5655 2799 2137 3553 6038 938 5406 6125 5893 2085 3455 1221 2557 4523 6052 7237 3305 4470 7566 503 8376 4753 3613 6472 885 9234 4931 4955 1963 5783 5705 5685 4790 324 9264 8904 3128 156 4167 5581 4436 6474 714 1143 7813 2140 1954 2187 3055 2248 6330 7035 9428 434 3921 7865 474 3351 9943 2789 7474 8118 2921 5478 5345 5707 
65 7718 2099 9621 9897 3980 8697 5243 2382 2047 3562 1784 2613 1723 4752 7977 4079 2800 6484 5732 8741 3817 6599 8297 9 2540 4990 3652 4807 4270 1928 8278 1529 2770 5933 7589 7684 8714 5016 8959 6591 881 7818 1419 383 8037 1146 5665 3968 6536 3751 3708 528 2425 9571 5467 5354 2080 9472 5335 1567 8415 6998 3152 6997 9802 9586 6895 1400 4772 5360 1218 7659 7820 8072 2229 7465 9960 8710 7906 9605 6395 4560 9523 5430 3840 5754 6931 7206 3724 293 7592 757 7944 5193 9737 1853 204 5257 2743 4559 7110 533 6067 7852 5094 3957 4041 3663 4730 9667 1799 7835 3964 5794 8544 2009 7461 3116 8822 9272 6578 4427 9765 
66 2679 2201 6442 197 661 1797 5848 5003 8666 1416 7915 9243 5660 1122 1399 3274 2301 7316 2722 8389 2666 1751 9303 6961 6552 1504 8429 7412 7218 6758 6943 2624 5645 4662 3289 9498 3164 1102 7137 5197 3102 7489 4831 5600 8493 756 3530 6857 6282 2871 7873 4857 2934 766 5755 9628 2578 6166 5630 3694 5349 3642 2744 8271 2530 1239 9918 1556 8809 1084 893 9492 2 3384 1780 4345 4139 5628 8921 8906 9185 8484 4704 2550 4960 7473 6690 3737 817 7636 8526 5159 8716 336 2294 8720 8000 357 8140 875 4557 5146 4497 8383 9194 9553 4989 1948 2146 3989 4694 9292 7020 1151 8923 3509 9902 2429 7695 1105 
67 1986 9921 6286 8450 4797 6382 7102 4564 7856 2246 8062 4063 3131 5712 9924 9233 1414 5265 309 5817 8942 1247 8460 3960 3805 6685 4390 6776 987 7599 5424 746 179 9012 8238 6553 4921 5643 2742 3462 4484 1293 1996 8341 6447 9100 7571 3320 9772 690 153 1390 5047 8090 5764 3953 9329 1895 7275 7947 6361 7760 2145 2440 8820 5321 7803 9203 9508 8028 4113 5020 5909 6616 4823 2995 9963 6529 4398 4966 5357 1258 5172 6082 1616 6257 2517 9296 6742 2239 3313 5734 6247 8871 6913 9796 1152 642 1793 3593 8232 7827 3457 6975 9059 5352 4600 8835 2226 6744 6870 1703 2002 1946 9535 2946 7625 8075 1603 4920 9745 1156 2365 8452 2916 7763 
68 7024 5819 655 1734 3237 1758 7918 8006 8528 2357 705 7679 9033 738 8604 3367 382 8925 400 652 7171 2291 767 509 8095 3644 2910 3792 2810 8778 4585 8771 8135 8296 2909 5846 9142 7568 5266 8772 1979 5956 9542 8566 3719 9112 8157 5897 1796 8851 38 2302 5605 5081 8208 1966 2832 1418 7790 1992 9209 1115 4490 5473 9863 7508 5921 567 3085 3687 3007 6759 3865 1023 8578 3143 8817 150 9289 148 8983 3778 1325 1204 3828 5673 5518 7300 9236 5800 6104 3767 1500 1733 6935 2202 1962 5922 4094 2283 8400 1180 5790 9176 8368 8700 4814 81 5725 9711 5658 4257 1890 842 7765 3764 7332 3925 9686 8733 100 7797 9282 1565 7004 311 4296 8985 6613 7088 
69 7220 8966 5394 2898 4478 3542 3202 2716 6839 701 598 6155 5186 5825 4891 1756 51 5123 3635 5975 4072 4998 8755 9208 1185 8948 9613 8760 3725 4552 5974 5369 4610 3589 540 2935 7909 5972 8253 7711 4617 3760 4287 9663 6725 7622 5302 7264 1254 8116 1250 8769 2964 8955 2931 7219 3059 4517 4543 4754 8320 8505 8517 9062 6386 1727 6129 736 1524 5742 7262 3279 1092 5449 7491 7534 7272 3341 7398 4887 6448 5991 1217 4344 9091 2494 760 1663 1368 5789 8316 9286 8067 2835 6992 6035 5007 2551 4171 3032 4647 3409 4235 7608 9600 3181 8529 439 7618 6772 1307 6116 1622 7764 7326 2619 2397 5073 6204 4900 9914 274 9598 4251 3044 3200 9151 913 1781 8178 7615 4364 4415 7044 1141 3596 5291 7432 2123 8775 564 
70 4879 4937 6223 7485 7046 5141 127 5526 2983 9606 2874 5830 2356 5520 9115 7755 3175 7933 9557 5053 5941 8972 5828 889 1476 1076 8175 9919 8302 386 4793 9533 6341 7090 7579 4544 570 2392 8094 2618 4435 1396 2254 1665 6624 5314 4623 1580 6407 9538 1029 4505 660 1356 8091 2380 3403 4475 8558 1814 1623 118 3985 6272 8591 5604 7892 9929 6301 6219 4728 5417 2817 9685 9962 6211 2895 4034 6727 9522 1711 3419 7621 6215 8631 2438 9034 2333 8915 6836 6006 8469 3066 9748 2428 7627 1902 5881 2474 3927 7969 8546 6572 99 5703 6017 9619 4285 6412 7653 4276 9136 3319 1199 3440 9047 7920 4066 4765 7411 962 2650 5440 981 
71 9988 3498 8913 8753 2598 3393 223 6597 205 4195 3106 7103 4885 2034 3117 9784 3552 7816 9099 9791 8236 5278 243 9205 8639 8827 6859 3002 5667 9785 6953 2092 3413 1167 6722 2546 5791 3609 5274 7215 7982 4816 2405 3657 535 682 5762 4529 3918 3133 7097 4105 4212 5942 525 5233 8611 7420 9258 1093 9457 5565 6045 388 892 8103 9953 5717 7034 6814 613 3484 5054 8030 1064 1172 4986 9283 298 3692 735 5344 3451 77 7047 2772 9225 6055 6226 8932 1820 1910 7480 6946 7296 7080 1606 4313 3439 7469 4278 2352 9425 5574 7984 9970 7084 1552 4428 2971 219 537 4391 1215 8561 1716 2218 9594 7781 8321 9797 2595 4458 4961 2026 3158 6625 3198 6455 1880 2715 1066 6629 4184 4951 
72 2815 3650 6793 8823 1349 1137 529 1961 2896 1344 1321 4042 3600 5654 3541 931 6469 9715 176 3623 585 6505 3307 847 6756 1136 184 7862 964 8828 6402 8865 7328 8439 1350 1837 5339 6774 130 3864 9694 5189 6626 5252 4913 1744 7821 5731 93 878 2271 1627 7315 8804 6365 3717 5178 1430 4456 3368 2237 5542 8642 1884 6808 5452 2788 2585 7948 49 5010 2808 6277 1131 2684 9761 9644 9855 8556 582 2790 2276 9159 6889 3825 2756 9148 5462 7986 2562 9216 3497 4574 5188 5128 9344 9452 9042 9199 2441 3780 3643 2950 5504 2299 6479 3405 3667 3521 930 7076 8848 1759 1263 4420 4187 9602 7470 4099 3875 558 3150 628 2379 9423 9657 5930 7580 3577 
73 1132 8956 7016 3806 3579 9290 1975 3519 3061 4360 9803 7595 3746 7015 2456 1775 4455 1881 4293 160 6940 8962 870 2183 859 7246 4749 986 4566 7925 8024 8437 4595 3406 2536 125 2659 7539 7753 6122 3095 5832 7633 5854 7683 960 1175 1860 3878 9544 9545 2793 5928 2703 5488 5305 7591 9774 7961 8732 9880 4748 4031 7067 8668 9349 2838 9300 952 8235 7967 2861 4725 9678 1694 8523 627 4716 2148 4943 5256 1741 8179 8991 9845 4281 7096 2415 6076 3899 2310 7127 3905 3423 3265 487 3480 5382 4844 7640 6196 8274 9348 8360 6976 3601 1449 6567 9652 5652 4409 805 9228 2423 2862 5720 3634 6019 6008 7796 2063 3522 8799 616 7129 4252 
74 3147 4247 8420 1654 33 6658 3135 2195 6432 6408 7380 7376 8233 6564 4784 6317 5293 4134 7584 6623 6224 4064 9718 723 716 2331 1747 9901 954 670 355 8843 356 7550 3525 3610 7299 9009 3144 737 6618 1541 3898 4817 8511 4680 3049 1848 3346 5370 7651 9446 8104 5148 1480 1732 8338 1210 3762 6027 9654 8433 9045 173 3972 7389 2223 3790 1189 624 8014 4183 2940 2199 1234 8630 3761 7563 6480 5585 2017 4104 4992 4146 6809 1289 9982 1120 6444 4446 8018 3134 174 4185 3815 7075 3863 4001 3392 8060 4035 2926 1404 6306 5153 6106 1615 422 3775 2387 4386 6255 3334 1323 6560 7601 2545 6830 4234 5998 8938 1706 4388 6172 2364 8968 5312 9903 7026 
75 1413 5784 8842 5324 9590 3998 4036 7177 7572 4732 9589 7198 5888 107 56 4902 2687 8419 8830 1854 5212 1420 3206 4431 3324 3245 8693 8049 45 9384 7750 4199 4624 7009 6821 6481 4671 4744 7661 6817 8598 1379 6864 3196 7463 2073 9368 551 5008 234 6504 5114 412 9833 2493 5689 7844 3818 5371 2484 9479 2695 2720 9604 8252 5530 3429 6858 5428 7353 7188 2617 6974 5510 2953 6911 7632 6847 2083 8270 5393 7204 2374 7656 782 1924 9057 4969 276 804 6639 9454 9925 9406 4670 378 9505 124 2685 9084 7624 4210 6664 8378 2152 4049 2265 7891 2748 3984 5865 7500 1314 3658 4932 2669 6350 7434 63 5917 7520 41 5154 9540 763 5090 5208 65 4688 6051 4527 608 8424 9547 9509 4894 2792 1438 9137 2513 3371 7513 1964 6028 
76 7815 1448 7942 9822 462 6460 4775 6013 2693 7212 2674 9723 6676 3045 3076 6454 6693 7941 4433 4204 1483 354 1545 4189 1713 8513 4476 8709 4637 4406 8184 1331 2814 5757 5166 8377 2683 446 9731 7953 5576 9956 6471 7419 4565 1535 5529 3069 9005 3795 2261 7573 2866 2760 7766 9592 4414 7181 837 6692 7346 4892 1306 2959 9755 8454 6413 951 5623 2181 5522 7972 4549 7993 9501 1583 3490 5180 6637 6424 5531 7399 1692 5238 4164 3139 7612 9776 5969 3527 6546 3407 6596 2905 1334 5968 5556 8811 5567 9653 8754 3910 4702 4506 5598 2516 9766 8495 9291 3616 1779 8009 6316 8559 7234 4228 8034 910 3075 3950 8151 9713 3845 343 3533 7585 5450 3779 8673 83 5342 3081 2820 3266 9249 
77 5688 6957 2015 427 7238 5958 8945 61 9313 7532 9684 5320 335 9314 9155 4289 3594 8190 7767 7544 824 1060 3125 6296 7251 4432 6663 5027 7536 3906 6123 676 8862 1782 4381 9648 1374 7194 9376 7839 7409 4318 4991 490 1607 8102 9906 5104 6680 5465 7104 5583 1917 1594 1114 8855 4306 1205 8458 4770 1685 7043 6390 6746 9853 5597 4911 6033 2875 6810 9001 2932 4316 1179 3931 1049 9736 4641 3261 9080 1742 3348 7739 8045 7600 8900 8323 8563 9856 5273 9389 7405 2628 6951 9051 6535 8963 3400 2735 3532 8706 7836 703 7724 9534 1195 8300 5328 5479 35 4888 1883 1983 457 1765 5092 1827 1960 8326 7525 3505 5659 8719 2394 339 9325 7331 8358 1177 3148 8418 3706 2270 4126 8567 8170 1051 874 9496 6729 9974 2533 1693 
78 7768 5710 6046 1090 9182 2943 5019 6643 6633 3201 3489 7801 2160 9642 1508 1913 7478 4835 5162 1124 7201 2967 1763 2174 8652 7678 5089 8185 3336 4466 8761 1571 8896 6290 2634 2750 2690 7903 1007 7295 1300 6381 1899 4340 145 6111 5692 7762 691 647 5715 3967 1358 1548 6476 3965 4528 6061 1561 2268 985 994 1832 5227 1755 4893 7586 3009 491 7712 1287 3560 4778 7072 4440 4938 3933 8742 5730 8065 5577 4883 6947 5404 7232 157 9857 915 9413 4640 1055 664 3271 2403 1889 5544 4845 6047 8354 8608 9631 1887 2231 3672 6593 5900 7501 9950 8345 6086 8819 2013 5195 8089 7033 8615 9295 6865 2514 3597 4274 1680 3021 9467 5540 4282 9935 9987 449 4664 1857 1678 5283 6258 4631 5292 7709 8686 3082 5506 4471 
79 5125 5596 1892 13 8575 9445 8500 5766 2525 1409 3803 4627 7486 6173 9246 8954 5264 68 1497 7374 1318 3636 4942 8032 790 3438 5920 8917 7735 4825 1817 2197 651 3461 8593 3569 547 6854 4689 4501 6275 1570 6435 6039 9008 1677 8314 7646 4338 8840 3797 9150 3306 9499 2021 5857 448 9019 321 444 7323 6133 398 4301 5316 4275 4742 8910 5738 8794 4232 7467 2194 8834 2388 7574 3114 3814 4914 9818 1445 6977 814 959 5004 510 7943 5753 8040 3464 3903 3386 8601 2350 8680 536 5563 7555 7250 2881 7998 6307 4299 5916 9343 3893 6761 5624 1478 5250 4796 9866 2937 849 3428 2999 8129 9732 7125 6414 3214 5733 9739 2582 3042 6679 1720 7658 4402 9795 771 7306 3160 9556 6678 1161 9779 
80 3821 353 1955 426 5139 8309 9355 201 6875 73 9829 7029 2754 8125 3178 2777 7983 4197 3684 8366 8626 5940 8745 4153 1328 4244 206 3478 6873 9665 1579 4207 9058 3231 8192 1487 211 476 6608 4291 4384 4830 6245 3209 8004 7855 6138 4690 943 1725 4368 3422 80 5447 360 5649 7191 7881 3575 9110 6207 1534 523 6523 3449 7557 2142 1485 5776 2279 1329 3229 283 2575 2416 5759 3500 2045 3714 860 2591 1429 2196 8329 7838 4222 4074 2100 6146 7149 6819 4956 6437 5244 7268 6739 3263 8434 4464 7662 3678 800 4531 3966 2430 3236 5297 4265 5668 2375 2260 2857 6550 7697 8446 9133 4930 5482 5736 3228 7140 2290 7676 2102 1644 799 1554 4404 5474 4985 8569 9995 1208 8685 3733 1275 1153 3180 1625 601 144 5079 7860 4581 
81 7390 9444 4863 3633 9281 6004 9394 6108 9388 1613 5901 9214 3922 1893 9775 607 2841 1460 4326 3501 4095 748 6632 3621 4311 7861 9247 961 6687 7641 6544 1931 6112 8312 7693 5926 9174 6374 2348 5308 5107 183 9397 3169 7379 8872 3232 7151 8304 8219 139 5714 5386 1509 3444 6475 2592 5239 9708 7851 8168 9490 6595 2507 2559 7896 5390 3801 7877 3465 6325 2326 583 5038 7902 9118 8674 9354 5512 6300 3883 3410 3671 7259 6792 6728 9695 8406 216 6101 2700 4081 7161 1110 4366 1089 9338 1453 6876 9244 5700 1801 7870 9221 2442 3288 1605 3003 6338 7200 3982 5885 7022 7936 7318 7196 1950 3959 7962 1053 1190 5904 95 1896 8806 5947 6457 8999 6942 7132 7344 9153 6334 3929 7938 4273 6238 
82 7570 4107 819 6666 7614 4731 109 3437 3784 588 3482 4254 9566 7524 7834 3788 4771 2005 8964 3377 8162 4928 7258 7802 9944 2228 8246 2186 1299 2025 1879 1507 9884 7722 2960 6154 8053 1191 2652 4089 5805 2414 5376 9367 5191 3641 9852 8899 9810 5831 8609 9674 1593 9928 4106 8701 2343 2501 1198 7876 2454 6907 9843 2519 3649 6321 1155 5558 909 7725 5863 9259 376 7360 7965 4987 6009 9468 2371 42 5545 4605 7506 8554 3389 5601 7788 7955 5317 7278 4962 5097 7992 1549 9804 3031 6614 2088 2462 5560 4579 5745 8837 1631 7415 4206 7866 6299 60 3296 215 3011 7666 3327 9858 5113 3872 1614 4348 7980 8471 7369 921 2393 2802 6890 8986 7243 8426 2927 4625 9448 6294 3426 6274 3707 4110 1598 1864 8553 4746 5375 9414 2411 423 3771 1568 3859 8262 4718 
83 5355 9881 3121 1632 5867 7937 3969 9170 5914 5959 7504 4983 4447 4046 6621 1984 9973 5398 8115 1699 5551 6852 7949 680 6134 8405 8996 5220 4323 4002 8805 8331 5875 3993 9481 9756 9409 6703 6192 8306 265 8203 5777 2473 8859 9666 5578 1235 6205 7529 2579 9980 6509 4173 3424 3053 7308 8388 1866 9420 207 193 8541 861 5787 9561 6581 9883 966 973 6072 1905 501 599 1696 5735 9926 5042 7130 4609 8726 5979 976 989 2469 3573 5815 3024 5656 9297 4570 8765 2984 8784 4333 2596 4759 8099 6329 3370 8012 1788 384 4903 410 4924 4137 5327 5663 8703 871 8750 475 2730 8696 590 5157 3333 1099 4824 3991 3454 8992 8479 5160 6426 1874 268 7128 8485 8231 7211 1925 3140 5908 6289 4612 5871 3268 3350 6501 7882 4779 54 4649 6978 9837 2561 8287 3681 9108 1649 
84 745 5150 6688 4047 277 4953 2827 3844 5653 5907 5641 5676 9716 273 5627 2794 594 6362 5498 8588 7056 4157 8868 3119 1245 8344 4012 9854 8202 2886 1077 7094 9298 6906 241 1305 2601 4429 7912 1783 6600 8035 7811 4230 1673 9585 4679 8154 6602 6697 8943 1267 5161 7083 2740 16 4395 7917 1059 5772 5680 9310 6439 8436 693 8333 408 300 7225 9085 9862 2828 3710 8908 6612 1052 4963 9692 477 8867 8854 4250 2010 3987 5804 1873 7189 7032 587 7101 6993 7503 3617 3599 3756 7091 8 4981 9193 4542 6430 8773 9092 6117 9870 990 9052 4140 4165 8708 6417 2978 9392 23 998 7647 6695 2450 374 4321 4019 8656 7864 713 74 4791 5493 4622 9040 6730 9550 9330 9905 877 6346 6767 7113 8187 9255 3065 3077 5955 2636 4358 9521 8907 7771 6113 5454 4112 
85 7737 2796 1003 4860 8689 141 2762 4168 6838 2054 6496 2143 7382 3952 5988 3415 4909 504 2868 119 5950 9811 7999 4738 1546 8570 1786 367 2032 190 2293 6020 7773 3155 7061 7558 6511 1427 1562 6230 2785 2277 9475 4172 94 685 6319 329 8979 2166 2920 3824 3073 6584 1748 1095 7975 90 887 5065 3219 9242 8527 2662 7785 1010 1312 7288 7858 872 5835 7959 352 1216 8432 2463 1384 9941 1998 4401 673 726 1493 9210 3495 9027 3023 7699 7604 1012 6433 8305 7086 3060 1512 8340 692 5164 8363 4604 9514 8293 9412 4954 499 3753 629 4231 9441 1511 3317 2234 8483 7548 2611 698 2439 1351 7567 6527 2274 9698 9900 6310 4514 1295 4473 9121 1533 7173 4422 6406 649 7726 9277 8411 4667 5108 3940 9676 
86 4003 2135 3680 5282 778 8880 8540 6151 5182 518 8574 1224 7336 5318 2963 1738 5245 4303 3052 3544 483 2144 9907 5713 3427 6694 3242 4050 4408 9443 2847 7157 8156 8097 8790 5779 2124 467 8268 7626 5984 4122 4123 2420 4794 3380 9879 5438 1200 1378 3675 8564 6499 9770 7588 1228 5419 4076 8427 5147 6983 6152 8440 2925 1898 3298 2708 1019 3607 5961 3870 7696 941 7819 9726 6672 3379 7261 1762 310 7487 1619 6431 8339 3763 2759 5483 645 715 6477 9503 3590 1510 1489 6391 818 6385 4367 9689 3843 2638 1958 7690 7511 8198 214 4328 2515 9549 5222 5892 9661 1157 5826 7990 2051 5323 402 5514 7039 5001 7321 5899 2297 469 9806 6473 4846 5258 9951 6713 6868 4802 8682 2518 8502 
87 8525 6881 7333 9786 1262 3299 8310 1206 3343 159 3113 2224 9778 9433 9372 3592 9287 3491 9981 2008 8934 1421 9599 7559 6558 858 3020 7746 6359 432 4457 2372 1479 4389 9564 3294 1906 9196 1495 3176 798 3606 822 227 1659 3992 8349 3373 3661 1842 7241 5224 1974 3800 2645 8410 9872 9326 3776 8199 867 541 8729 8751 3647 6576 6513 3224 2188 5953 9168 8573 9641 2572 5351 371 1828 6344 9767 5077 9360 4144 1773 856 6463 3431 2660 8074 5457 7526 5495 3758 4850 1712 6850 638 4745 8369 1877 6149 7593 5954 5229 4013 381 5929 5635 5934 8130 7068 3867 2287 1332 1428 5080 1812 4703 3297 2853 1585 2245 2535 9722 7433 3399 9440 2118 6515 86 1166 717 1586 9260 1106 6740 
88 7175 1724 7630 5029 9336 4198 6389 3207 1160 4341 6162 8521 4633 5309 5326 8174 6411 2829 4717 9860 3058 8087 1772 3873 6897 3290 9656 3648 113 6845 983 4283 9555 3412 9890 1503 8515 6066 348 7305 189 1835 5543 3027 6656 5927 3022 9487 7168 9603 6186 2608 3109 5849 5204 8016 5259 7441 1140 1165 9965 2305 9893 7205 9373 7062 725 5952 6194 5367 3820 9664 5647 4769 9222 4243 773 6715 7787 2136 7425 7407 4449 6999 5873 4393 4226 8435 6056 7078 8311 6894 9704 1232 4916 704 8782 3677 3506 7510 9405 2774 8869 2738 1894 2241 3025 1698 3115 9404 373 2328 4090 6216 2863 4209 8618 654 5517 4297 9679 843 3005 4131 5648 9403 4695 198 3727 4713 6972 8982 6068 8250 5588 9896 1086 242 8288 6176 1326 3154 9614 2547 4598 5226 3443 1292 8747 6950 
89 9876 2837 9023 6470 2962 6731 1852 8699 9529 1531 4224 6510 5436 2258 7770 4582 8069 5145 7791 3536 2121 4175 413 1708 8612 6980 6721 5674 1675 2882 4614 8022 5803 7707 3679 30 8275 8636 3861 8114 8147 5288 9682 7448 7450 544 4971 5869 9132 6034 8949 5690 9238 6620 3829 4763 3928 5105 7744 4182 7222 7556 530 3253 1393 6451 9220 1333 5727 1213 1707 3469 4474 728 1912 5625 2303 1233 5137 5951 937 2568 1345 6863 5528 7945 2101 5230 8735 3339 8813 8301 3130 3827 3909 3528 9049 8514 9172 8010 9512 7663 3352 155 2485 8387 40 7714 1288 1669 1710 8808 9705 8725 8707 1967 3567 4055 876 4607 2132 6534 3850 3487 6023 8213 5913 9038 5140 7311 2843 8109 3269 7869 2128 6853 3868 
90 2980 6823 9351 1162 2033 1322 9223 9668 2891 9482 1338 8989 1096 873 7363 1362 7210 7115 9706 968 8188 1517 7365 5923 7538 6135 7828 3947 7562 4310 2642 3056 7003 6995 2161 7732 7281 8401 4370 5009 8280 5275 6239 3830 9725 1203 3132 8145 3062 3688 6888 4403 683 9241 2112 7197 8225 9274 8194 6191 4147 8658 775 6918 7655 9014 5225 8594 755 2176 4317 5234 5106 9783 9983 6806 3120 9022 1641 1302 840 208 9691 5802 1271 1730 6699 7853 9345 4877 2055 1256 9387 4908 2289 2878 9346 697 783 3312 2725 520 2993 8829 6120 1311 8364 9581 3683 7202 1320 3785 4407 3884 8762 508 9754 6718 6178 8171 8669 3110 456 3281 3225 7700 659 5939 9074 9825 4087 2496 9072 4611 4567 3535 3874 3466 4693 6571 
91 7051 1935 9117 3889 3287 9263 2347 3171 7540 5310 4006 7172 3064 8560 7408 2039 31 9647 3603 3340 8166 7996 7443 195 9587 6233 4135 136 1662 3358 9077 1689 2336 3748 4240 6778 8881 1301 7799 7121 3895 6348 950 1452 710 4785 4009 6506 8676 6519 4343 4812 7673 2622 1810 561 6893 1519 250 7159 5571 9213 9324 8207 7565 7098 1022 5210 982 7055 2424 8101 1070 8128 2864 1636 1279 9386 8797 9079 8412 9309 9086 8046 4873 8362 3099 4070 2437 6074 1520 6398 9470 6787 3523 4980 4430 5200 708 4948 9947 3547 8332 2406 7698 3084 110 8421 3812 8582 9035 4026 3467 8071 3709 2975 5084 3627 6405 4533 2821 7052 9178 4827 225 9198 8916 9513 8033 9703 2020 7142 3282 1407 2255 468 3275 290 1944 9773 1036 8914 6376 4136 2968 8105 6526 7017 4708 2383 6671 8492 8217 2022 
92 5728 2554 6421 1230 251 7675 5811 5102 5569 6800 4524 9591 8011 9458 6266 9580 7921 7884 8234 1284 4264 7672 907 7464 8381 3442 5067 1749 8950 6427 1261 6539 2016 666 6763 134 3924 3013 2589 7535 3554 8572 1043 5403 9319 132 6378 4356 8386 8787 1129 2351 6193 1770 9284 2317 4062 825 4300 672 8054 5022 6410 9830 7236 4878 1477 170 9848 6356 3420 6540 1148 304 7330 3396 4621 7381 526 765 6063 5770 7475 5631 2653 2786 4141 6368 862 8260 390 8537 2867 9250 7302 8138 9202 1932 3311 4499 1834 3098 9306 9610 2567 5468 4363 2263 9321 9635 1740 1079 7122 7603 6311 4572 9103 7462 5175 2655 6276 5464 8675 2512 1471 4993 5051 684 2643 5131 6326 1173 3625 5045 5513 9073 550 2162 5793 3402 2401 2697 5129 
93 6248 8144 3766 6657 5637 8021 34 333 6240 5453 7634 6588 1412 6669 9615 8221 3513 3378 5672 7160 7554 6530 3471 8100 9407 5030 7553 2629 4657 8027 4862 635 7919 7717 2431 5981 8935 4008 123 8243 3328 1357 3485 5117 1355 7209 4917 2594 4758 7143 3277 5014 2698 2249 4178 8590 8384 9769 6860 5671 2563 3395 1062 122 830 1743 4246 4040 7254 5807 9204 1242 2811 8391 25 1949 4190 3414 1790 5412 8161 5883 346 120 4462 5599 9724 8462 7466 5315 5640 6880 4709 5996 665 4774 7660 8063 7280 3325 3605 1582 6723 8453 6815 5820 4421 9728 3089 1868 2104 9149 7119 5977 7685 1451 5792 2981 1695 3177 9183 8617 5507 8124 4975 6594 7216 4539 4897 1006 2696 7042 527 7253 8372 1319 2253 9671 3142 7674 4899 5633 9730 4818 5646 7518 6396 6673 2084 
94 9630 3008 3668 6956 6517 3241 6459 1867 3913 8416 5480 3039 2250 4494 4683 895 2548 9984 944 240 2285 7350 3162 4512 4208 3493 9873 9609 5698 9140 9931 143 140 9576 1691 6206 258 2576 7931 6900 8678 8937 5215 6563 7111 3508 1047 463 9660 6575 2894 8603 9744 886 953 3174 9520 1470 6420 3571 3502 9064 5015 1202 7541 6220 3622 4653 1020 3335 4507 3804 8545 7507 5083 7546 2542 3210 8715 7355 9044 9645 7973 9638 2236 5235 3012 2168 8206 2822 4319 6419 9626 1410 5169 4444 4788 3580 850 6955 4721 3534 3689 2987 4223 5267 4045 7926 4815 172 4940 3831 6783 5110 4783 6932 2358 3983 6556 2665 1107 1940 8136 2929 9436 5005 4017 4320 8947 6714 2957 648 239 418 1999 2915 8644 5812 1666 7914 8342 
95 117 9422 7010 452 1128 5295 1825 1296 9821 1942 5415 8222 9416 2682 3626 4876 8355 4170 8670 9322 584 5127 2478 3105 7170 5350 9849 7669 8347 8196 6263 2077 9276 6293 779 4865 9097 5509 9701 8928 4454 4720 2098 2149 9307 6548 8623 9500 7758 5561 2761 9844 1264 7822 4535 667 3251 3146 9967 6569 8810 5684 6986 7457 3722 9565 3772 5269 3083 6119 3156 3757 7786 7528 9285 392 6109 137 7453 1578 7889 87 8108 4548 6782 167 8512 516 7207 430 5364 6524 925 8428 8870 4522 6807 7890 3786 6079 2928 9353 9211 6085 2257 8229 7013 9588 5336 3514 1277 8781 7900 8780 6022 1061 6036 7136 8059 8181 4733 9380 6879 3548 3314 1885 6803 4982 6985 4642 9261 7689 1241 3475 4220 4906 1223 1496 4800 2804 
96 919 2346 5651 9093 770 8660 2639 7966 10 1891 8721 7805 9096 453 443 1638 1668 1709 4498 1802 4196 8182 5082 6874 8731 4669 4799 4086 8390 5642 2763 749 3151 9997 8800 823 4949 6813 4789 4200 4665 3291 2569 8681 2170 8770 3463 899 1811 2833 455 7702 6724 9539 1116 2630 5995 7619 3356 2606 604 8066 8050 6446 9497 1291 8295 486 269 970 5702 934 4496 2280 7934 729 458 1063 8488 6147 7193 3226 1878 4133 8814 2217 3185 3385 7 7325 319 2410 6765 6467 9813 7521 1170 6528 8042 2385 4898 19 6938 2322 3262 4781 6336 2970 9760 2633 2555 9640 4540 8592 9789 4646 2713 3097 5002 2038 299 2400 5373 5135 6790 7650 5882 6642 7964 4100 7730 200 84 2948 9990 8628 3666 8041 244 3932 8392 8891 1253 3213 4068 
97 9917 3782 6478 5177 4638 3628 4394 7749 7265 303 4261 4634 2408 3639 1488 135 3218 733 2344 577 2586 2534 831 4629 7322 4020 8776 7807 8520 284 933 4082 3539 57 9840 6745 1686 6225 7577 4684 5944 1643 4272 6848 4677 8919 229 6825 2614 4715 91 472 3408 8632 7694 4127 9815 3187 2807 5000 7366 4091 8613 8399 9999 5012 2213 9288 5891 4331 2675 263 4964 4658 9835 5508 4500 9659 169 4967 2067 3583 8080 433 8969 5446 4459 5771 4308 4058 2930 2969 9460 7812 9851 8276 975 9478 6137 5840 6832 6357 7283 7471 8960 3078 1294 2024 4648 4468 2483 9186 4159 5936 5511 6660 1957 5769 1518 6190 4573 305 1484 3033 6896 1381 5099 3101 6415 4958 9141 9123 8131 4438 2749 8239 1630 8957 
98 6358 2590 5608 4676 5023 5341 6628 6647 2765 3019 6648 2616 2609 4682 1290 2286 6829 8289 5548 6184 4848 1506 5032 2556 9800 6144 5093 2171 6295 9867 9620 9366 5822 5151 999 1192 9341 252 8705 614 8671 6795 292 5843 8325 3246 2766 6934 5870 6312 4710 1111 4418 337 948 7701 2011 9003 4977 5827 6922 6465 8164 8122 2599 387 9969 7517 3118 2475 1886 9393 882 1739 8718 7301 7488 6231 3979 2049 9069 1764 9028 4378 6016 315 534 2879 6261 2216 2273 5985 6844 9078 3781 9181 3699 797 488 2354 8133 6434 730 5391 2951 9989 2498 1040 1604 9106 5407 6924 6040 5788 7338 5997 3877 5662 6606 8645 9697 294 53 1951 1039 3456 955 7413 4698 7515 1930 9434 6167 8651 7523 1057 3145 9245 2156 4489 2035 2991 
99 121 6901 2855 6732 1768 1193 8774 5850 4109 2537 4493 1981 5420 2207 8191 9070 7285 2635 5527 5814 3157 3199 342 901 2427 7560 4448 1679 8214 6700 7085 5242 7775 5924 8240 7335 8818 1870 8789 7885 4262 2623 5606 9229 637 3254 3638 6292 1633 1537 5207 6337 8698 634 1791 3586 4571 2721 6127 2986 2071 6494 9809 2977 751 574 9616 9958 3907 1081 7186 416 2661 8739 8933 8767 8404 9749 4263 98 8220 7147 1609 9252 9869 7180 3363 1989 6920 1702 6287 9119 9485 1897 2472 984 2741 1921 2644 9455 6203 566 3051 5163 7082 3858 2844 3852 5158 6646 9331 1339 6592 9379 7837 4355 3330 4302 7956 650 562 8005 3682 3411 5602 1527 5911 9622 3441 8173 5260 4346 4292 9670 4952 3383 1818 7108 811 1048 9139 9318 8740 492 8480 
