64
59 5027 1563 9798 580 9556 6980 1075 1713 2568 7243 2924 2473 5120 5502 3808 1111 7748 5893 
15 4019 5915 4180 7506 4709 4897 5454 3732 8187 3273 3468 6917 6542 3278 6933 2761 5728 6227 6206 6041 6306 2920 6468 5413 7562 4799 
6 2458 4211 3343 1637 8586 3784 9175 7208 3559 2828 4875 9140 6038 4674 5604 8063 5749 7591 3831 6729 
34 8843 5666 9061 6044 2982 6510 4638 3298 6130 6499 6804 7685 5969 3529 6629 3644 1739 4146 2662 8702 7624 1310 
25 6779 5492 6614 1710 5246 1574 2988 2135 6890 3123 1889 8600 5865 6797 2773 4548 8512 1459 5361 3923 1290 
92 2938 7102 4422 5524 1919 4529 8725 2970 1426 2625 5540 2155 6321 6919 3128 5230 7399 4830 3541 2322 3849 
35 576 2710 6549 8006 2096 4824 3320 1887 4117 4642 649 7135 6580 2665 1755 1848 2366 8150 3106 
66 2850 1213 4120 521 4685 916 1685 4698 6697 2804 3861 7463 1302 5325 1116 7133 7049 2561 2785 2264 5926 
95 463 1071 1837 39 433 10 141 3560 174 1014 133 77 2398 1389 64 354 3 1130 2942 
47 4683 9566 6642 6207 1982 8871 3542 2102 7070 1552 3484 1619 8414 7142 4896 7606 3512 2195 7238 1495 9517 2848 
38 1740 6546 1545 7507 3987 5947 3842 1759 5645 2567 2355 1975 2095 1474 586 2392 540 8797 6201 728 1263 1671 
70 9041 2210 5520 3340 8579 1487 4971 8244 6559 4214 2182 9892 8279 8557 9170 8790 9130 4580 2503 6279 4537 3259 5883 8978 3526 9657 9514 
87 939 4968 4788 3614 3127 1007 3894 5059 9843 7858 1748 6463 6298 1214 4474 2349 8296 5365 5222 2884 6612 3773 8034 6604 
84 4386 1815 953 5625 6171 2720 8886 4182 2469 6457 8421 9357 4341 2496 3070 2565 5170 2939 6249 2003 1502 
20 3208 6085 7395 2344 4732 4523 3336 2228 1646 4964 7525 2598 3909 7232 4665 6301 5193 5149 2537 8724 3172 3756 
81 5731 3593 6055 6382 2719 4362 4237 6252 5638 9460 7181 6983 4602 6025 8766 6790 872 4879 8103 4841 5921 
11 1844 588 5144 2051 9711 3989 8567 9277 1461 338 1062 292 337 6990 856 1663 1857 209 8948 1958 
60 5706 4197 4192 2062 3608 3452 6454 3899 7541 4763 4894 5955 8236 8180 9861 9565 3485 9237 2418 2305 9440 7603 5896 3520 6165 
23 6026 3551 3553 8716 9855 7394 8590 4808 7609 6634 7690 8014 3425 6928 8729 4271 3499 5416 7281 1724 3272 6877 6887 
63 5792 3972 2156 9295 3660 8016 3536 1907 5403 6716 7192 4325 7808 6643 6144 5417 5560 4411 3360 4930 2647 2955 
58 6504 4151 9547 9085 6696 2272 6555 7553 9262 2346 1057 6874 6711 2878 6531 8770 8620 6938 1309 3774 867 
71 4752 8767 5233 4278 9306 9660 7648 9095 1769 1662 7574 6210 2867 2254 7417 3167 1945 3735 5021 1911 
33 6336 4821 8326 7637 5683 4293 2782 9433 6006 2875 6832 8809 3694 6152 8616 7050 9900 5527 7452 7934 9799 8888 8521 4348 5270 7242 
24 6942 5190 5405 5372 7772 5410 5328 3337 6101 4406 3709 5770 9560 7174 5857 6219 2511 9990 3111 2467 8885 9396 9616 3112 5157 4636 7809 3991 5579 8200 7892 
14 6408 7805 5173 9137 1156 6676 837 605 3280 4936 5376 1997 4184 678 2396 3226 2237 1800 3176 9913 2485 6238 914 2060 
26 7182 7807 6443 1531 3835 2753 3588 5762 4263 7621 3283 7914 8396 6909 1879 8001 9076 7233 7586 9080 9817 9224 5680 4302 9611 
83 7153 7321 8124 3491 5176 6595 9904 6325 3026 2395 9516 9640 6989 6894 9981 3333 9908 8721 5111 5234 9164 9761 8707 
88 6283 8642 3755 7927 2369 5116 8977 8264 5412 2384 3617 9967 3802 6689 1282 2484 7431 2209 9123 5695 3279 6102 
62 7122 6205 1635 818 960 3151 8401 9493 3893 5440 5662 2897 2706 5774 2894 2702 3946 5196 6074 877 8518 1623 1648 2112 
19 5119 7981 7639 4300 6636 2101 5477 4845 3005 7288 6818 5330 2407 3679 5971 3154 6544 2489 7057 7866 5985 
46 2817 6587 6521 8683 5737 3959 1763 3523 7204 2569 3353 3681 3207 5397 5993 6155 5676 5784 2964 5619 3882 4776 6265 5277 7017 3212 5089 2915 7220 8048 9608 4728 6867 4142 
13 5925 9628 9454 2640 9788 1043 2907 5541 9307 2893 2750 3825 7111 9759 9183 6568 6482 1749 5892 2760 8217 7619 2534 7478 4564 6483 5543 6720 6652 7389 5231 
73 6829 3609 7312 5901 9599 1243 4344 5861 5907 5364 6351 7951 7397 3829 8400 4960 2695 5444 9505 9567 9090 4736 7360 
18 3717 7202 9274 6943 9696 4051 4001 4162 4620 8908 1261 3648 3933 5263 7316 5834 6813 8086 8130 2603 6434 
43 6348 9666 3711 8010 7283 4466 6686 3594 4091 5997 3390 4468 7593 6658 6599 6223 7094 7884 7030 5610 6409 7710 6960 4478 873 
74 9607 8444 6064 6329 4809 7764 2696 6284 6412 4361 3313 5368 6834 7924 4264 4682 9906 7372 8516 8704 5422 8295 2463 7733 2352 5570 7977 9138 
37 2581 1856 1538 8991 6012 1504 3020 2464 5823 1150 2681 1885 9230 1165 9392 4169 3236 6137 5305 1653 7304 6077 3388 
1 2524 3314 4798 1908 7195 6226 5539 1905 5470 1811 5212 2885 3189 6955 6414 3924 7396 5979 9203 3668 2423 2439 5778 7117 
96 5624 5593 8773 9439 7820 5127 6054 8395 8197 9255 9635 4480 8755 3004 4450 7771 1488 3852 4540 3778 4465 4187 5137 3859 9886 9824 
28 1794 4918 1730 9159 9642 6974 6100 7168 9368 3758 8132 4802 7815 9742 5854 4783 6225 5935 3920 3908 2009 6854 5421 9231 9005 8146 6138 
68 6763 4377 8308 9944 8800 8140 5226 7747 6198 4253 5917 4076 3857 3277 9363 9218 5535 3351 1409 7256 9531 3346 1949 4308 5847 7426 3075 9024 3925 2740 7878 3752 6513 5133 5200 2616 
52 6262 2015 3838 5781 4399 4149 9673 5229 4328 5235 7703 7524 8028 1833 5357 5835 4419 8143 3297 7059 7448 9053 3818 7293 
31 2332 8000 9878 3954 9917 8340 3845 2798 5849 2898 6446 4629 9420 4367 6294 8300 4232 7839 5480 5705 3481 3539 7358 6256 6622 1520 7108 2323 8316 4028 7104 6042 5391 4768 9194 
21 5830 6581 3509 3663 3634 3165 7036 1938 3371 7169 4145 3957 7093 8970 2553 9875 7872 2645 7175 5617 5819 6243 
82 6211 6237 3734 7200 3084 1631 8513 7140 9213 4677 7404 4601 5341 3576 9234 7711 3233 5053 5717 5505 6566 5612 7694 7300 2756 4433 2613 2826 9365 
78 6731 4496 5811 2408 5005 7527 1960 1822 3178 2387 7084 6027 5929 6965 3950 6991 6031 1995 6821 8486 3851 5012 1308 8461 
91 6794 2146 7473 7990 3116 4781 5822 6202 3104 2680 6923 8694 1699 5148 3557 5724 2834 7653 6677 5431 6596 4883 9522 6475 5801 4102 7984 
40 9609 8387 7278 8056 9442 4855 6552 4194 5407 5371 4508 3183 4459 4065 6161 2667 5299 6030 5487 3366 2792 3456 5641 8785 1757 
44 8377 6423 6964 8663 2904 9461 4739 9528 5689 8608 1353 2117 6094 7760 6949 8629 6334 5653 3418 5215 5567 9273 9794 6337 
93 7683 9743 5065 8655 8934 4385 8887 5155 4017 3803 6906 6617 5829 1609 9555 4913 4690 3385 4137 6785 3997 5674 8950 2328 6051 
56 8718 4583 6080 2966 7935 5473 2529 9031 9511 3848 9902 5786 6453 8177 6181 4902 4185 3872 1586 7841 5374 5996 2995 4686 7113 3381 4755 8929 2361 7021 8385 7037 9731 5402 4814 3264 6366 6654 4842 5460 8706 
99 5903 7729 2856 3914 9120 6479 4418 7163 3436 8650 6174 3308 4530 4345 8705 4941 8380 5615 8893 9943 4853 5260 4741 5168 7264 8988 3992 
9 2921 1196 4794 8231 9057 5987 6355 6758 9828 5908 3347 6328 3143 2263 8036 9375 5321 3546 2558 3268 9518 8153 6639 8536 9469 9925 7270 6375 2701 4432 5081 4210 9989 9047 
94 9698 5001 4889 4984 9562 2097 3575 4553 4662 3405 2019 4136 5826 4688 7069 4067 4654 3718 2930 7564 3497 7048 6611 
16 9776 9153 1276 5704 8535 4876 7166 2519 9639 9158 8787 8568 2252 2338 7832 4810 6086 2731 7461 9907 5101 7585 
2 6154 8087 2631 2550 5521 4168 4531 5771 6776 4355 7143 9259 7635 6106 5679 8884 6593 7392 3136 9864 6493 8494 9652 8835 7412 9119 2923 5831 4005 1812 7003 1790 5710 1565 
79 3820 6692 3846 5577 2554 6632 5241 3130 2864 6775 4008 7816 9014 7075 9010 3720 6364 4035 9148 4436 6560 3902 7827 7430 4002 3716 4721 6452 3612 8338 5650 9548 9665 6290 6986 4342 3062 8271 
77 9596 5019 5452 3373 9523 8230 6841 3409 6292 4818 6385 5599 8584 1914 6141 3146 5261 4745 7641 4487 3697 
86 9411 2474 8258 3027 8640 7765 8002 6010 5284 9009 5047 7323 6107 4956 9634 5139 8320 6509 8669 2969 8657 3619 5887 3431 4449 7966 9087 9755 
69 9688 5576 3036 8100 6104 7100 6787 8424 8703 7184 4558 6501 9792 7618 7557 3888 5789 
97 9520 9781 2945 8447 7830 8012 4744 5467 3486 2139 2443 4836 4696 5793 3118 7674 7868 4775 7007 
51 8682 7123 
10 4555 2727 4353 5243 9350 3213 2868 5068 
75 3554 3401 
