100
0 2025 4723 1985 6227 8303 2949 9381 4970 4037 675 5949 7313 1918 3958 106 6273 6214 2453 6801 2499 8073 1903 4832 9017 2244 6397 8361 271 9976 712 2665 9668 350 2673 1850 1550 5086 4189 307 9687 2989 6484 9450 3791 1867 4995 9129 6715 7532 8324 4565 8542 
1 5280 7320 7620 1126 7837 1624 8509 6409 5359 5962 3258 9986 2389 1437 4787 3435 2865 1025 2147 5070 1775 580 1024 1528 4714 6923 8727 6024 6095 8588 7657 3479 1364 4760 4546 4648 1176 6905 9036 4536 3321 7140 5696 5990 8266 4128 1380 8257 406 3730 8291 7899 7409 
2 9226 9435 1581 3745 85 640 4934 6514 4945 9101 9357 6081 8004 247 9248 7533 404 3973 1963 5348 7141 5895 7723 5161 6209 1072 3297 617 8414 59 789 1280 6541 4487 2996 8017 9211 4967 8385 9317 6531 3401 6069 8584 1371 3915 3381 4351 1423 826 1227 7134 
3 2335 8499 3543 344 2669 3809 921 6150 4118 2122 5657 1285 2316 628 319 7576 9595 3531 5096 9083 1112 3763 5306 8539 2399 3693 1748 2831 4953 9838 154 5570 456 6241 5441 5537 4055 6371 1794 6452 3203 7607 5604 1802 6091 9195 6904 8650 6090 6083 2198 3286 5483 
4 5017 8786 9563 7281 6202 6677 266 5463 5538 9899 5459 5257 9232 9427 5902 6203 8652 2842 2074 1109 3954 864 9419 6627 1367 2004 2510 1472 4922 4810 8856 4479 741 5451 5168 9009 7226 7740 9617 8875 1163 111 4518 9320 6388 5041 1600 6238 835 9985 2726 7238 745 
5 7840 8363 3080 380 576 9824 9333 6742 7896 4711 5618 3744 8475 9068 7930 8940 586 776 7721 3323 1207 4269 4061 1711 4816 8438 6158 7233 8459 9071 262 658 3627 7704 8730 936 5536 4023 2823 1929 949 5568 2397 6799 8520 428 1363 1146 9934 2288 8487 3847 9173 4334 
6 4180 2197 9981 9814 5399 7916 7273 9459 9134 8204 5362 6187 1505 8812 671 7769 9909 1186 2782 8036 6092 2893 8988 7689 496 5211 7894 7203 9189 9115 7784 7790 2041 3749 5012 7146 1976 4837 2078 2153 5379 1004 182 885 9453 795 7459 8828 6170 7130 2647 2330 4769 5913 
7 686 6037 7458 6882 8478 8064 939 7779 2433 318 7202 4988 8894 5427 4563 3647 4194 6747 9218 2378 3897 1891 9930 1352 8536 3690 3695 4161 8358 696 3996 2513 3688 9877 8874 4584 5905 7373 6670 8456 3087 4132 3605 9945 6640 5880 6495 4241 7888 4895 8903 399 5057 2110 1051 
8 9738 3316 7144 1473 9452 4809 4843 2365 1694 1872 3155 8496 1123 4675 4863 9583 3123 5299 9486 6339 3914 5073 4677 1237 2836 7843 7429 4761 9275 1065 6610 9624 6314 6490 8076 4656 6609 5837 2436 5098 709 3100 2449 2220 821 8510 3612 3385 9721 4373 9716 2040 9952 6661 1638 
9 2363 3450 1348 6557 6405 1673 9402 7590 2019 7691 5255 3669 7613 4708 6597 26 4881 2714 4831 3455 3122 4655 3194 2539 9832 8769 5298 5366 5356 7886 1826 2982 6342 3329 8901 8083 2342 7995 1785 6984 3700 9856 6605 2869 9323 5848 3835 8511 164 2349 5772 8201 7952 5279 1670 
10 3691 5181 6324 4322 3301 4166 2323 621 1252 6404 332 9972 8958 6628 5810 2184 6770 8121 8722 2014 6928 6775 9105 1370 108 5824 4271 1937 8052 4325 945 8562 3729 8468 2225 7304 3946 1236 3901 9038 8610 3968 2059 4928 8127 2210 4804 5647 5715 8631 3180 8639 9734 6088 3257 5735 
11 4867 5192 28 5 5411 6106 9573 1951 6058 4077 5576 8888 82 433 4074 7974 6822 6818 1388 4530 7687 6422 5836 2370 6711 4871 4232 5195 9863 7566 3933 4400 7036 4925 8085 7715 503 3130 4987 1808 4181 4330 769 1095 3224 5387 4504 3720 6327 8535 3760 8494 8151 9299 3651 
12 4618 9752 9859 3221 2679 3366 9750 5444 3462 4792 9601 7801 1046 8474 2631 330 2584 3452 4968 8850 5617 9190 1092 575 7249 5143 7271 7018 6401 5912 8629 6877 6954 6497 2839 797 7395 9519 6862 3160 2097 3853 2333 774 1225 9321 8635 4092 596 43 7664 8146 4756 6930 996 3448 5643 
13 5375 1079 6533 1021 7706 4786 2456 7329 415 493 7746 4390 7979 9067 7023 9525 8791 5780 275 1239 5893 4586 5591 993 2472 9762 7659 8352 4329 6367 3477 7105 1539 4319 1143 2723 9557 8283 5402 1847 6062 5363 9643 8565 972 8393 6945 1591 9810 4085 3104 1104 845 754 4935 340 9410 
14 5945 480 3674 6025 7126 228 7831 429 1401 715 548 2705 9717 2755 4508 7145 8441 1091 3234 4078 739 1845 2918 9380 6377 7038 9772 9130 1344 1365 4417 7470 9365 9700 2651 8244 9279 2451 4854 7800 611 6667 7436 1339 3372 316 232 865 3936 3284 2463 1900 6458 6840 1541 
15 7256 512 8811 3494 5898 1758 5130 8164 5963 8027 2604 419 7093 9572 4687 5638 8486 9075 8149 506 3184 6063 8430 5711 4587 5423 6161 5967 6915 4686 7759 930 8662 6554 7261 3798 5219 175 740 1861 4172 880 5050 2060 8871 1610 2877 7423 9841 9171 7863 5664 3716 8602 2583 6955 
16 1737 8348 3057 6200 2094 1486 9988 6250 1634 5085 7846 7476 4450 6372 5595 5503 6959 8477 9577 4719 812 8953 4697 3843 3557 5325 1682 6429 2262 6971 5553 1865 2412 3662 338 8720 8581 2884 2435 8132 980 610 8077 7019 9570 2892 8337 3459 4573 5533 7486 104 6258 798 1965 7649 
17 3623 4075 1584 377 8396 8106 6886 6070 6430 6089 5317 1587 6438 9227 9056 79 4826 3359 1648 3222 5572 7485 6925 3917 4839 8897 597 879 3890 370 7417 1525 7562 8577 2036 5468 5231 3159 8743 8726 6260 3004 4149 7545 9050 1347 8082 9537 8142 8394 5721 7297 3670 4442 2701 8702 226 3058 
18 772 6946 1990 4698 9759 8929 8370 8506 9308 8448 5091 6590 9041 461 730 3615 6462 8501 6403 9010 6788 9270 2580 7571 1909 4919 235 387 4428 5666 2751 3524 541 1289 7767 112 3526 7073 4033 3686 7654 353 3267 681 6185 4997 8378 7324 2602 9356 3581 5835 7168 4352 4495 9334 
19 282 1254 7735 7016 497 9404 6752 3166 435 3179 5839 185 8039 2243 2824 787 7773 5422 9352 3620 7793 6926 7472 5582 1349 5434 6582 6000 9167 1296 9166 7057 4603 4348 7267 3558 9265 9411 5823 1187 6979 78 1860 1572 253 6738 2003 6328 2391 6180 8887 4591 1988 2805 5106 6266 
20 917 7259 4159 603 2941 7841 1719 3751 2312 320 3961 7775 3270 5701 5629 9994 3086 7063 7940 9792 6264 1324 5429 4868 3545 1829 8951 1238 2531 3334 4469 8802 2070 1274 4298 9473 8328 9562 2023 474 1150 8941 8512 8288 7177 2208 8803 6580 1261 9225 5691 9785 9948 4606 1629 3441 4690 
21 3136 3233 5159 1871 3357 5222 6835 4130 8279 6183 3793 8255 52 4668 7970 5138 1968 7748 8965 2214 1560 7913 4142 1602 1455 5609 2341 3743 2275 7133 1075 1984 7435 1446 8816 9626 4734 2818 341 5634 6107 9463 9812 6518 3360 8863 255 6074 1608 1736 6284 1182 8200 9135 5995 2077 
22 2784 5758 1526 7005 5516 3637 7901 8389 6251 3930 3978 9174 6568 1190 396 5775 9826 3640 1601 6653 6639 245 5311 9616 8129 7679 8343 3216 7739 7674 1563 2227 820 5661 2446 1433 8286 7720 3255 1098 6394 7667 6408 4438 5061 5790 5914 4737 3850 4551 695 1646 6611 3108 6077 9885 3514 4219 3851 7747 
23 9328 9729 4204 2719 6313 9891 2791 7950 374 7945 1704 9728 946 9127 1745 894 4120 6445 7397 7845 3565 7242 2656 460 9632 716 4851 900 1836 4153 6789 8167 8339 7067 1640 5677 633 3552 874 2795 4039 8657 6709 1411 5796 8924 8233 4905 991 4059 2902 6649 2355 9138 5589 7871 6662 3444 3656 6047 
24 6043 3070 2815 8481 1840 2018 5287 1097 4011 5049 5301 9683 6345 5048 8044 6269 1469 887 6199 4016 9474 5018 1353 6745 6638 1316 6229 2226 9178 5445 5361 7106 8898 2676 7370 8081 5046 6142 3068 3703 3458 4143 3629 1219 6919 7743 9803 5179 8422 6488 7190 4032 5101 8984 6322 1863 2479 7683 
25 9505 2353 2200 6352 9515 2757 5100 5037 7750 3167 916 7660 8203 1340 2658 3481 524 8537 3539 7011 2452 2384 4521 6121 30 6253 5867 3855 2672 1016 3362 9158 2715 8447 6965 8375 549 323 8777 8845 3549 6010 5697 4020 5206 8273 3046 4841 4901 4114 7638 4288 1804 4022 1255 9508 385 9977 8849 3681 5294 
26 8752 9154 5761 9237 202 401 4835 1384 9093 8038 785 7529 2481 5889 7070 7274 9082 8550 8551 302 2376 8949 3376 8883 4636 6816 1655 6969 794 7387 6547 9524 2321 6898 4461 832 5603 5071 8653 6398 1366 6210 2816 6962 656 4661 2495 7027 2901 2430 3079 5318 8269 2314 1139 1244 6705 6399 4889 1738 
27 8112 3726 6393 3862 8063 1222 3092 9388 9053 762 1495 7444 9548 2081 2702 6917 974 2428 5722 9268 9612 5447 1609 3295 3322 3911 8013 4882 1389 780 2126 5272 9039 2648 8728 579 9955 3374 4561 5036 281 9126 5937 4942 2717 4534 5879 2758 6545 1823 6436 9511 2260 1862 6659 5586 5075 5703 
28 4014 8680 1833 702 5797 8425 4063 4641 3773 5489 9192 3971 305 2955 213 4152 5152 5183 3802 1710 1432 1919 9163 9087 4673 3519 784 9155 3202 3783 8159 7047 7280 2374 7319 8724 9651 9003 9680 8983 115 8634 8237 9314 2340 8092 6883 9727 8688 1138 1915 988 6297 9618 5806 3158 8224 2523 4766 8833 
29 1212 8026 5818 5569 5600 2817 7158 9629 9322 407 2889 8238 8841 6228 924 6537 2732 2329 7596 7774 2119 9371 2619 4148 4310 3072 355 2508 5156 8058 8464 3475 5741 296 5607 8134 722 1588 3655 1839 7502 8365 711 9874 6586 5476 6949 2372 767 4926 8504 4654 4550 470 6130 9993 2179 4488 6963 8466 957 7460 6402 
30 5550 592 7577 555 9949 2753 8259 6031 720 2917 9733 1515 7228 5831 7391 453 6837 3235 8282 5240 1538 476 4124 8330 3739 3432 5546 2158 8654 9679 3242 8507 9243 2457 8402 7733 8490 4589 6048 9432 8647 7737 2091 7107 8971 3735 1158 8312 55 837 6543 1298 8110 4537 289 215 7386 9094 50 8299 8661 5148 
31 9108 2935 9748 1028 9646 6726 1233 3302 3892 4169 9180 4389 5562 4615 6366 1576 4 5072 2731 438 171 516 1375 3854 2664 2458 4010 1466 1257 9156 8793 8695 8892 8734 4103 4855 4054 8852 9512 1209 4696 5636 6833 8020 6869 4362 2287 7481 1050 895 7455 9545 2086 8832 6232 8906 2540 8583 3309 6271 8616 8947 
32 6093 5471 2332 7001 5337 3935 2553 3259 4483 297 3369 1482 5802 8823 8619 4594 4256 3589 7760 4915 8186 1798 8359 1656 5331 560 1080 3572 7031 6774 1972 3038 3336 3266 9264 7478 6196 3280 6771 9816 888 5323 897 9251 8902 4491 6390 6380 4336 9690 2445 5372 8694 9630 3030 221 9331 89 62 6102 9345 
33 4849 9655 836 1303 4729 9100 32 4790 3705 2622 9517 1688 8768 4740 485 3365 8882 114 9330 4929 4361 1451 504 689 6866 294 258 3752 1547 2657 7155 8858 5864 4513 9097 9604 8763 940 8911 9499 3821 7384 2528 180 851 1542 6909 3896 966 2176 4337 2213 9332 4599 3827 7897 4358 6118 1635 595 3199 9746 4482 2670 8554 3326 9269 
34 3430 571 559 5038 5800 4121 9139 968 7854 4277 9544 2532 6635 1844 5044 2578 9467 1053 9504 5134 4755 9740 1426 6370 5334 3023 2710 7552 9937 7260 306 6724 3701 7754 9669 2809 1454 1647 1777 9204 9113 3278 261 1038 6505 9424 4553 287 9185 8758 8614 3276 5862 8211 7847 5740 2066 7442 699 5019 3318 5058 1956 6333 2297 
35 6433 8866 4041 411 5541 8664 224 8485 9114 5059 3129 1197 505 7981 3436 465 9819 3634 1168 5290 8915 1308 5401 6981 1926 6736 507 5263 8057 4346 5615 4580 8846 1144 6421 6682 5092 7212 5535 2166 7542 4024 27 3264 1002 220 4918 2558 2704 3238 4108 5475 9238 1669 1718 5502 3453 9936 7152 1960 2899 2044 8015 2600 
36 6684 9177 8066 8713 8586 1397 7150 121 8023 7135 4848 2627 9027 7850 1658 5876 4419 6052 2204 9807 5854 2165 5490 8825 6802 5751 3088 2688 3544 4205 6636 9720 7341 414 6794 459 2571 2625 2914 7597 7040 7053 5496 3215 3496 2062 1022 7164 6521 8139 5783 2177 3128 4259 7868 3119 196 6650 8717 4242 5066 6606 6997 4635 1573 8032 8495 
37 8729 3150 3446 7887 1589 8936 6819 8451 8048 1674 4836 7879 8976 500 5925 7795 8021 1083 2813 1330 6125 4043 8723 3949 9302 1853 7343 8975 4258 6584 7761 764 3476 192 4484 3358 1017 9430 3869 1005 4305 4872 9030 75 2466 6700 7292 5868 5884 131 518 620 2587 1135 7993 9802 2248 6656 8003 3171 1555 8382 906 1314 312 7169 8051 5103 138 1672 5281 1993 
38 4712 3893 5497 2382 2554 3685 7235 7191 3344 6977 2812 5438 8498 846 6 9018 6967 3808 1174 3561 8119 9145 7362 5928 149 2776 1813 8961 4685 3951 2480 1439 9062 1597 4347 8449 4818 2021 1188 803 9878 6696 2079 9725 7437 3164 2773 5416 9054 5303 6049 1983 4341 1957 5006 2825 5980 5982 9026 7598 1056 5687 9503 9636 4486 4566 5878 7986 8636 
39 7855 8407 2131 3217 5506 9471 7090 3375 1513 6236 7224 6735 833 6512 9836 4473 7736 9442 5903 9415 883 4396 5673 8900 6360 3920 6936 2610 2560 4870 5526 7605 5592 1817 3227 8677 4667 3955 210 6044 5230 7701 8403 7991 747 7227 2574 2703 6966 6440 6910 5026 3845 394 1341 3342 9793 41 2345 7834 4819 7165 8078 2671 1875 4350 8818 9549 
40 2467 1809 7114 8693 4151 1876 5188 618 8860 8589 7473 3061 9911 3976 1019 9942 6561 4467 5264 5540 1800 3507 2115 4998 7214 3421 5948 4371 7356 7564 5435 326 852 6145 9931 2221 2251 7187 3025 6668 1408 8210 1636 7438 8599 6005 5365 7997 1970 3941 7312 7477 8175 3096 1130 9420 495 1692 5035 2154 9421 2506 7428 6299 7611 6392 8595 5190 9403 2182 2944 
41 9799 641 734 2787 2544 7563 2689 4052 7803 8406 5652 6889 7302 9516 6175 7303 4408 5748 7468 9418 5122 3736 233 6654 4324 7561 4038 8467 8922 884 6157 7342 8087 5043 9611 8857 1987 9677 9579 3755 403 9065 6362 17 9685 3964 7334 4801 7185 6234 5237 7230 839 9206 1687 8959 731 3044 1088 8098 7000 9359 4283 7932 7305 1157 8010 9887 2139 8836 998 
42 7490 3173 4511 6698 3480 5709 4927 4155 8886 7757 5695 1939 2840 7514 3965 4678 8868 4385 2502 1425 1627 4657 3140 4693 6798 5755 1173 9361 8357 6002 2752 6384 8620 9385 2157 8155 1011 9355 5729 126 4214 5778 424 8864 7113 6719 7734 8518 5971 7310 1713 4203 5167 9787 3384 6732 1108 4722 2117 1974 6960 8256 9553 3856 5492 7633 1311 1417 5514 6332 3697 2562 7832 5099 
43 7777 1599 5011 7908 5307 2954 2497 3873 3832 6529 5933 1120 2465 9638 7892 7575 753 7022 2164 1894 9112 7263 6270 3515 3099 6373 4292 2745 6826 1282 3425 4433 3777 4187 7131 9181 844 1815 1841 6800 7276 1749 3650 9957 6493 5505 6198 9489 9916 3282 561 7516 2630 6607 1556 4503 1791 99 8685 7946 4751 4207 7163 4003 3263 3587 458 3560 
44 7495 7456 5706 4465 4842 721 6916 8029 4357 199 3799 7873 1127 8552 9780 3924 2351 969 4281 8308 7358 5136 3555 9266 5584 2933 928 9312 2161 1660 9073 5994 4605 6057 4443 5785 9606 9528 6259 636 3239 2489 3602 8265 923 102 2677 2936 5614 9481 9254 48 791 5432 7630 2734 6320 2522 2861 7270 5469 9827 3101 6014 9316 7643 2395 
45 8168 6755 4833 9399 8212 5943 4280 6456 1132 2778 937 4890 2910 8608 8398 6224 5852 4609 3774 2256 58 777 2803 1766 9843 3260 912 662 9927 6651 6035 2104 9743 8528 3819 2099 9140 6702 3006 178 3956 6479 2108 1681 1166 3676 2801 538 8025 4976 8249 749 942 1846 3388 9496 9541 1200 1118 186 7383 4739 6964 1481 9002 4215 3787 5172 7684 3546 2360 9179 
46 2566 3618 2749 4192 8428 6491 105 7922 5221 18 6737 7315 8630 7708 9111 824 2699 1886 4692 2269 7064 5344 1892 7645 1953 8980 4193 1475 1134 1661 2205 8241 4904 6080 8160 4660 3795 6128 9910 8606 454 8788 4892 1383 3449 3866 5897 8228 9560 7782 9488 4646 4593 6604 3394 9151 7416 2304 5060 3559 1111 3831 2900 8122 1772 9870 7240 5217 1286 8859 1268 3582 2032 6720 7103 
47 8810 8792 8711 1778 5111 3657 1259 2564 9408 3505 1415 9370 8263 5989 6353 2029 2694 8174 1327 5784 310 8390 2883 2468 1855 1422 4116 4287 2069 1501 5458 8284 3652 2616 14 5314 9029 6079 1067 8113 8521 9804 237 1828 9006 6646 2206 9889 8627 260 1151 3888 254 2887 6195 6852 9996 7957 6884 61 6329 8972 7361 5232 756 9619 9021 2686 2027 3066 786 1 5220 8248 2392 1503 
48 1094 2500 5583 4626 7286 6216 2649 6660 7936 5594 5856 8276 8798 6934 847 308 2163 4750 7578 4096 4250 2113 4165 553 8879 905 1373 7096 3630 1676 1569 8075 4111 2903 2133 4071 1991 5520 7431 6912 4979 8180 8177 1346 2343 8524 3837 4129 9090 1474 935 645 1413 1269 2834 5543 3812 3747 4344 1559 4093 9554 3644 8278 1229 2925 5773 5397 3646 9011 4327 3368 1026 6583 533 7738 7705 
49 962 4911 6098 1382 6298 2068 6182 532 9723 6376 8311 4369 6808 163 301 2769 9164 6215 9247 8982 8563 5886 473 8150 1369 1980 1450 1502 9992 9088 6441 5630 9000 1552 9263 7323 1304 3833 1220 2538 7572 1522 9714 8605 2667 2864 8415 5702 9886 1657 6749 3503 5966 2870 7193 7452 1156 2471 4691 4079 2573 3942 2140 9777 5254 9840 4821 2598 4460 4196 46 8117 2056 5525 914 7192 9783 3022 151 9487 
50 1064 8096 5737 2952 2871 5590 7314 8918 4392 2736 517 5383 5023 3997 1735 2946 6197 7821 2570 3019 2455 4880 7071 7088 9593 8989 7810 7021 8079 451 6100 7367 7595 7217 3168 3950 3816 5873 1041 5524 4021 9465 7910 515 4109 9897 2291 5380 1729 7923 7352 7560 5874 5579 6674 4727 3139 8461 679 8987 7376 4441 7066 2746 1690 7714 4266 1767 1210 5327 2621 7377 103 9033 5466 6797 4556 9781 
51 9191 4983 2409 9495 4158 6117 6252 5744 638 5024 8432 2254 891 9295 3995 3169 9913 3211 3045 9578 2645 4069 6085 3387 3247 2654 4177 7826 7699 6598 7194 781 5433 1996 6022 6188 3810 6278 965 2526 4777 3517 4420 9209 6716 1723 322 7582 2016 5685 2347 7279 8336 8766 7992 687 7535 3486 5838 1728 9231 2419 1530 349 8405 7875 6060 9591 6018 2733 2095 8600 5683 5214 2764 6163 2830 1628 7756 1969 8395 8491 4960 
52 1145 6896 6331 6920 4984 5699 8683 328 6849 1626 5675 3824 890 418 7069 494 4004 9079 1604 2641 2295 2281 1752 8267 6644 3095 6140 3364 2581 4519 3659 166 4312 8130 6743 5340 2429 3474 8997 588 6487 848 8649 7806 5262 6267 3516 7902 5132 6683 7741 8123 4994 2476 4426 5087 8067 6776 4057 8455 6689 2255 7121 3410 2075 6477 1566 2461 21 9153 7565 4257 1611 9892 1008 5700 5742 2607 8172 327 615 5218 4562 2109 7929 
53 9546 8831 6152 3796 5842 7039 3300 5426 6980 5392 5860 9912 8821 9565 3325 1322 3894 9710 7939 1487 903 6546 882 9839 8861 7355 7859 857 1873 5760 4413 364 5141 9339 5732 4577 7745 1394 4046 1001 920 3124 7467 2846 7880 4349 8776 9531 4353 1243 4861 8374 3934 7827 2061 4412 3766 1858 5395 2427 1447 8400 5382 1825 5545 4421 9561 9663 6559 4261 4560 5110 2300 3649 3638 9461 3654 5534 7496 3512 2985 3236 170 2359 7488 8188 
54 1436 5283 4963 2327 1431 1246 4345 9637 6096 4237 1360 6029 4557 4209 6065 2369 206 9383 7223 5174 4829 324 3628 88 3189 5725 6369 8476 7963 5228 3399 1435 2858 5739 8905 2259 9242 3262 5376 191 1467 8442 718 1039 2173 4764 1491 9305 9400 5389 9207 3598 2979 5001 664 554 5801 5964 2294 9536 6349 9020 742 5611 6244 1427 5523 1776 5896 8609 4086 9455 2222 1697 3596 2045 3256 9932 5126 1908 3556 2799 5341 5749 7002 979 8873 1170 
55 3574 7340 6982 7371 4840 5437 6344 2047 9920 7635 133 3619 1335 1774 9188 2284 6179 5410 1701 6843 1355 7176 1379 2005 2217 1784 674 5354 3176 2938 1089 2407 2123 5285 3188 5620 9273 9584 4796 444 9923 9160 45 3386 3495 2444 6285 2049 9699 8158 2151 3041 2134 5040 1099 8580 7610 5455 5690 3137 8533 8582 6466 8576 6338 9426 4372 5164 4823 4098 3443 8251 3463 1821 4959 4051 3800 672 1732 6956 6249 8061 7172 5485 392 5613 6162 
56 822 7753 1013 1959 9847 9230 8579 2320 719 1106 3332 5654 4806 6310 4451 761 6042 4015 9805 6355 8675 7006 8329 8137 4947 6492 1010 2390 5743 2231 5667 2972 1516 9363 4084 3484 8071 5256 1273 8433 8745 1537 7317 9753 1031 5456 9660 6686 7856 8086 4526 6944 4422 1832 8746 9876 1035 4267 2549 5313 5062 1032 5246 7483 8755 1281 3754 2503 2434 5377 796 8019 9491 4724 2913 3883 6538 2381 4481 8007 4704 8889 3330 2948 9896 
57 6516 8617 7244 5756 1948 6105 1218 6138 3682 3390 2603 8999 877 7154 1128 7116 8368 522 8585 2848 3396 6536 5160 3584 5241 788 977 5512 4056 978 6619 9078 246 4701 8538 6803 5461 3114 9834 1441 6508 9598 5999 5201 8686 5539 9494 5855 5491 5484 2718 4743 947 2678 3839 2779 1914 9623 5270 8473 9176 6020 9735 1625 6764 7776 244 7927 5554 3112 2103 7451 7419 5431 464 7629 6053 4645 3451 8756 2055 4852 1923 810 4489 5028 2218 1351 
58 1030 7791 1747 6235 7830 447 3994 4477 4608 2729 5165 2116 5689 9837 8877 5480 4117 3768 2313 8163 272 9267 5665 3151 6846 612 2725 7531 6992 4512 2240 9387 6948 8801 4933 7869 7987 7338 5853 8527 3903 8012 1583 1545 395 6208 4860 9131 7636 752 8041 9846 7639 4896 5081 8884 8558 8890 2505 4268 6248 6766 2189 5840 8270 5494 5249 995 7623 101 9642 76 584 1849 9817 9857 8710 4201 5321 6707 2229 5198 3043 1789 238 5196 3759 7221 9966 4659 7668 2849 
59 2593 817 2851 8334 8024 6827 4253 3887 6015 6099 9998 3415 4672 7895 7449 6004 9514 9239 5223 347 9235 5723 2709 4776 2443 7878 4081 5686 5774 2794 6769 9901 5358 1933 4674 2788 2588 2028 6460 9543 4236 8196 5500 4448 4620 6171 5224 2272 3613 2136 6101 3738 6908 1553 9596 67 565 4314 6831 9004 6364 5236 2080 7127 7815 1403 598 7804 2053 758 3794 860 2800 6525 3016 8292 1574 116 7257 521 1354 1223 123 8053 5841 6363 2431 878 218 3200 7118 7925 
60 4173 7877 437 5883 6389 1428 7665 4437 8216 8450 3075 1124 3204 9829 635 7915 5127 4135 2475 2974 5813 927 9413 9784 4480 3806 7136 8346 5421 400 8931 1899 4113 2819 4224 5682 700 2296 9051 2780 710 1686 7872 2048 6574 3857 7381 2090 463 5626 8663 7712 7517 345 8641 8018 6620 5858 9310 4383 3737 7345 9797 2411 8353 5268 2127 5292 8912 2716 8197 5293 3945 7421 3240 1803 6288 1557 7527 9530 127 7282 7612 3245 9529 5378 3163 6710 9104 
61 9500 3195 8838 8878 3250 4767 7337 4368 2968 7728 205 278 7269 295 8557 5781 9533 4540 3461 3904 6379 6239 1895 94 1613 531 1494 1979 625 8351 7132 8153 6040 8230 256 3457 7547 1603 6114 7666 2623 9711 2961 5681 8667 4439 9395 7893 6503 7394 622 303 7977 7594 1934 8691 9168 5342 3018 666 3152 653 7229 2413 6169 4981 1226 3614 2561 177 6221 8847 1499 1795 9608 2459 4940 951 4453 2264 7262 6126 5952 7978 7558 5918 2543 9125 1971 8607 2242 8625 
62 1309 5175 9902 1805 5639 5118 1377 6256 6773 8968 3186 2478 9961 8227 8031 3813 6351 3563 9968 7035 2325 6075 3499 2191 5679 9600 1078 6550 5039 9186 3719 7142 8335 2771 1297 801 9905 1654 876 3919 8749 3823 3010 4923 593 2646 8638 3667 7808 1440 958 3442 2190 7953 7499 7670 1492 1133 3944 2908 6084 2876 911 3141 9187 6132 417 147 5213 5637 5559 4005 626 1632 2855 5205 2087 7058 1927 5887 6861 6785 7461 1178 1014 6507 808 4306 7095 379 6652 1248 6744 2904 9008 1536 4202 2267 5849 5284 5632 6728 4112 
63 1564 7161 8169 2873 24 9742 7074 365 6929 1085 6658 1838 3248 2338 8417 7751 6760 3878 2482 3054 7122 8254 2403 279 6061 2781 9776 7148 8844 3609 9761 9091 7968 3341 5413 6786 7618 2984 4160 1920 9282 6757 6563 7752 2491 1966 886 4579 2223 1386 2065 4538 3622 2211 3731 3952 6867 3265 4820 146 249 3879 1015 9658 7359 7732 2577 5276 4706 589 7171 158 6872 3113 8928 5658 8703 7671 9788 6464 7156 4246 7976 2747 2477 9532 3091 2615 5684 389 4328 9569 2768 5304 6821 
64 6706 9939 8952 3148 6878 2470 2907 4949 1042 3741 3017 2249 4588 9747 3147 8885 4244 6731 4912 2906 155 5747 7042 7065 9871 5833 4233 3874 9823 5151 3244 9479 1147 7457 8804 1617 5821 489 4874 6026 6323 4943 1103 6741 6763 8326 8714 4946 5343 6814 8399 5710 4147 285 2425 3303 9915 7268 3828 4510 8356 3418 1073 6425 2298 5074 7200 4223 8817 9456 5139 778 6973 5564 2856 4374 1796 8033 3026 5274 3902 7184 2797 4574 6160 4576 436 9462 5258 5406 4339 8633 4866 1702 9861 5124 728 9447 3665 7368 
65 9446 869 5474 6927 9059 7432 3511 4703 9440 2008 8934 6071 2265 1392 1700 2722 3541 3283 7231 3765 2826 8795 6325 9926 413 8526 288 2618 543 6317 2487 2976 6387 3220 3485 8774 3293 4886 3327 5515 5119 3251 4286 1725 6410 3624 896 2806 8642 1683 4053 9377 8687 5993 7415 5235 4957 9063 1153 7299 3814 3488 931 9329 1456 9888 8465 1221 3008 4505 5777 7642 3981 1430 602 3047 8737 8294 4647 2093 1291 5200 624 8226 2135 5131 2785 5920 2282 649 8948 5714 6903 7318 5116 1414 5419 5728 7673 2319 3826 9764 6704 3172 8281 1018 688 
66 2706 8876 1544 573 4862 5250 6820 1911 1520 1811 3520 655 6461 3391 7149 8969 868 7918 4183 6315 2432 8118 4813 5374 8457 5386 6335 4662 8277 2774 7951 382 5623 8712 4788 2527 4798 4007 5986 7089 8732 7762 4386 2422 726 6746 4179 9136 9865 7907 6450 9518 3069 9215 8659 5319 6779 6017 9696 6343 2076 5621 7399 4307 7917 8939 7503 3576 257 298 4875 5819 1852 8593 7104 7744 1442 7550 7628 6347 6021 7024 6139 4544 2308 2754 1540 9493 6383 2246 1532 8070 1977 9681 5177 960 3575 3005 481 4416 6753 3642 
67 1769 9621 9438 1952 216 6694 8596 3107 737 2921 8543 9590 1081 445 5528 3230 6562 2738 3355 4658 904 2400 2626 4700 5834 1164 2346 2368 8221 5670 2318 2728 7360 8317 7291 987 6655 3595 1851 4834 5970 2804 5338 56 2990 37 1009 9293 7770 9364 7637 566 5286 4590 9182 3382 4398 2633 183 9466 7272 8955 1733 6217 8842 6551 7551 4001 9378 8740 5555 7479 2926 8170 9922 6415 5251 9507 6958 732 2015 6201 5253 8569 5187 3645 1590 3992 9991 7726 5229 3641 4494 3513 448 7534 498 8744 6630 1856 4859 1185 8684 4030 547 
68 8022 1464 8813 2498 1265 5295 1402 8319 6486 2089 8493 815 7465 5527 1510 7710 6868 2890 5932 956 7999 7474 863 5958 6691 1245 8944 1978 97 2207 8380 5185 2236 8771 7124 3683 7933 2155 1801 1161 9449 145 2511 2306 1217 7530 9277 8782 2810 9439 807 188 9431 2417 3863 2841 7680 7396 6453 8183 6858 6279 2845 6094 4516 6933 269 9736 9719 3109 7463 7207 4853 8546 9675 7507 2942 6455 763 8531 1999 644 2536 8926 3380 5137 194 779 5792 2640 3465 8045 8429 4520 3943 3550 331 391 6532 853 4067 3071 3290 9037 6601 3214 1945 8515 9552 6242 9820 4163 9137 6442 
69 7867 1271 4174 1882 724 1211 7175 9044 1278 3898 9047 3074 1577 5478 4406 5766 809 9369 7494 359 1593 6608 5851 5799 5194 605 1575 2130 4754 4732 5619 2337 4768 7204 4255 9627 4355 8209 6007 2258 5984 5418 6573 2514 2426 5398 1807 9917 1117 1714 5033 3097 6549 7889 9523 1941 7209 4359 4879 7037 4803 9964 267 405 4907 4597 2404 4218 3000 3761 6218 9894 9294 6887 5625 8760 4616 4094 2808 9938 9122 5396 9326 5544 7904 5055 3348 783 6423 6116 3871 3048 8963 6312 5977 5716 9943 3473 6891 3807 8962 727 4377 8709 1321 309 7663 6836 4628 5931 
70 8909 375 8107 738 7787 4663 3571 9005 3417 5448 4290 9464 5750 7962 3501 2125 7372 372 7466 5212 8379 578 373 3470 2031 4517 2114 7592 6213 4200 5121 9873 2860 856 4279 7681 5547 2233 8555 2309 6190 1376 47 2178 4264 2009 4846 8313 6520 8482 5271 6483 4838 343 2460 2111 65 5705 5247 3340 29 708 1406 3319 9978 8604 69 5597 3578 898 5631 4391 1751 7980 990 2832 6177 4710 1421 6167 1266 325 5145 5738 3393 1508 5973 7644 4472 3498 1705 3972 7099 72 6243 4238 1943 7091 222 421 5248 430 1866 3076 6033 8772 8009 3573 3029 369 4221 9278 6501 
71 2406 5674 5120 804 1234 831 825 8059 471 6293 6599 3378 1994 2992 2639 5243 8195 7848 2030 5368 9200 706 8765 2033 9109 5481 7079 4278 4973 1514 8037 545 6446 9771 4162 4731 6131 4276 9260 440 4944 3999 1082 3500 7277 6857 8424 1759 1500 9527 6804 4387 8824 7123 5616 1418 9472 8993 4191 6124 1100 2292 4080 6135 442 3126 7287 5199 1913 2940 7489 3397 8977 8218 9645 4195 7094 735 478 7055 1643 5746 3834 6575 9881 4847 6941 4006 9652 2707 6272 4475 7938 6165 5460 7081 3165 4013 6994 4150 2973 5532 6097 2307 9999 3989 3830 5498 4797 5371 6844 6051 6974 2934 1459 7174 2565 209 2012 3285 6255 8392 7765 
72 3434 410 7447 8790 6690 8707 9648 632 8559 3035 7881 4745 6589 4808 2866 1449 7087 2450 694 1159 8973 5957 6265 9641 1822 9304 5872 9868 9893 1678 2637 7493 351 8166 1837 8826 599 3687 5529 3867 9895 9327 9193 5112 2046 73 7454 2767 9048 744 994 4478 4343 283 1048 6613 208 8189 2964 5197 2037 2483 1612 7426 7809 568 5501 2361 5513 4284 7484 8930 6712 3291 2302 1405 8214 1667 9219 3562 8534 1480 5992 3373 4898 9196 7988 5452 2145 2283 9311 6842 992 7288 8489 9346 581 7030 4393 4379 3504 7084 2266 6970 4932 8665 2854 6542 827 204 6717 6555 4858 5391 7829 6318 5052 6448 38 9842 4029 4156 
73 4726 9040 9184 5919 5117 9335 8285 2663 4107 7587 4684 9712 5278 6336 2180 6733 6616 1361 4936 8669 7676 9567 4986 8101 7246 6340 643 7393 1395 4799 3784 6225 7783 2880 4651 8575 6413 3014 8853 3183 8738 4425 4545 2789 95 9032 4567 5296 2160 2310 1054 6565 2740 7215 925 3063 6305 2196 8199 2293 1730 7112 9929 2106 4497 6291 9708 8819 5767 5381 4375 5947 7012 2850 3398 3660 1189 1565 9602 3182 7817 7347 2064 9918 2988 5149 6290 2083 3031 2043 9289 1579 236 7709 7406 4454 9757 3590 6110 3354 1483 3925 2541 4176 8193 1399 3406 9344 2857 7602 8572 3926 3277 938 7482 1063 8302 7414 7631 
74 357 2962 3192 5289 2638 1077 6223 3817 7713 3540 6498 4115 9169 5859 9123 1391 3891 434 8815 9751 92 4670 6899 6825 4748 7403 2396 8548 8316 2535 7619 6987 4941 7781 2950 5203 6136 1142 6321 139 9520 8060 9197 3261 6571 6657 1650 9571 397 9077 7525 9025 6257 9774 6282 2042 2534 1087 2644 5242 9644 1326 6346 3758 5027 4789 502 9773 8000 4758 3349 2930 5942 2529 3790 1299 4680 9092 5042 1896 1061 2175 9695 6871 141 841 9223 7884 70 8881 259 181 9212 8040 484 6721 9830 5765 9795 8225 6515 5530 5388 4649 4856 3987 5142 6617 7650 6368 8646 2072 4805 3532 1527 8042 9175 3315 9693 637 2447 9124 9362 1570 1787 7469 
75 1754 7216 650 7398 8668 3882 7994 8242 1214 9755 2742 2096 8679 5013 4733 223 6064 8108 7293 6311 1665 25 7865 2367 9914 7816 243 4665 9946 1757 5077 5465 608 619 6648 5907 4830 3483 7045 8741 7418 1509 6762 7536 7298 4671 8104 9458 1618 5812 3013 5960 3938 1792 6759 6647 5302 12 6003 5793 273 9900 514 8773 9853 8597 6618 3974 6129 6734 5575 1275 7640 7688 1663 184 2424 7617 168 3803 748 7120 6986 7971 83 354 5405 3881 8992 8621 4583 1114 2998 1924 5798 8800 2632 8809 1755 317 6665 1044 4145 5425 7682 3361 8807 3060 1458 4611 3865 8523 6890 4025 5829 4304 9148 2983 1069 5968 2440 3062 4009 1359 5273 673 9398 9428 570 9046 7982 1224 1534 
76 1675 1677 8192 6921 125 8759 746 7139 8796 6587 2183 9850 5518 1946 2939 8835 7954 5997 2790 3753 5622 7357 8413 7540 4463 7434 2727 5353 71 669 6851 3464 8115 557 4559 2956 3569 7402 1476 7609 9768 959 1213 9607 1668 8564 7248 7934 2247 8318 4523 9060 6768 6443 1260 677 5596 7500 6416 4773 2897 8089 5826 6156 2493 479 1167 5095 8503 4977 1438 2730 7604 6489 9102 7569 1096 7686 1898 922 7392 9758 4612 3939 9401 286 8072 9921 9575 3742 352 1204 2007 5909 3116 68 7443 8271 6231 1781 591 2690 2172 750 3588 5051 736 600 3728 7849 2995 5974 872 6777 9782 1378 7439 7339 3666 8095 3838 6309 4018 5176 4027 8820 4227 7004 5021 84 7254 4184 6892 1551 6895 5414 8560 
77 1420 7718 2611 6972 6879 8632 8780 4217 1162 9358 4869 8408 4285 683 7159 2356 6784 6567 7101 7326 2775 4423 7125 9372 1793 840 2756 2965 1404 9128 8387 1917 3664 6810 7308 5082 7017 291 8331 1216 3718 5779 7054 8264 8778 402 2362 4083 8697 9634 4340 6153 2366 1057 7931 9337 9686 8373 3085 4728 6751 8377 3210 1043 3805 5032 4213 1761 5759 9013 5329 3580 661 7289 1068 707 7247 604 7538 6149 760 8011 7864 934 7108 2002 8289 3804 156 9350 2741 6280 3082 4140 3491 7698 1554 4822 2082 7898 2232 1512 511 5083 2492 2957 690 3105 2315 9790 703 3608 7167 8960 8008 8701 7014 3859 7225 1058 6354 1171 3426 8462 7332 9391 4243 7515 563 1746 667 1272 2814 6961 7653 
78 203 6412 7742 5566 8615 1012 6688 1982 7008 642 5642 8779 4629 5809 6914 3836 9731 9484 4296 9436 4631 648 3906 7625 1671 8656 7549 8594 9162 7076 6451 1000 2943 2350 5820 2418 9058 8666 1521 4884 834 1842 9568 8152 8733 2617 3509 4171 8250 7492 6585 2772 7581 9343 5662 8742 2193 8005 5084 7264 6643 830 4157 6894 8290 6103 2958 9882 4175 3339 1169 3668 3537 152 6865 2107 3131 2488 8848 9089 4047 3468 7771 2885 9347 1931 409 7173 1461 3631 682 2235 2838 8893 3963 5068 6115 1453 4065 5009 3146 6796 408 8327 8736 7137 6137 212 8670 7138 9778 5370 1203 3723 867 1664 5002 3698 5757 3356 3970 4042 9001 9116 388 2837 2324 4705 7614 361 1141 1007 7924 5216 1768 5959 3273 3036 
79 6675 3423 1721 1154 2209 893 5645 6112 6990 6951 9291 6570 8920 1622 2759 2533 9982 1689 7322 6748 4541 3815 2195 8979 8409 2524 875 2872 3497 7354 4144 6697 4666 556 3601 9670 7239 9249 4569 9806 7842 1878 4619 8234 5078 1722 8144 8217 5612 3525 4321 9253 829 427 7944 8549 1465 4447 1074 3272 7722 1523 2017 6506 6939 6885 1709 6897 572 5063 691 7327 4931 4405 4434 7972 8056 3940 1561 3191 4652 9271 4376 1958 3002 4088 9559 4828 5869 7430 1350 606 33 4490 6947 4774 8437 1149 2997 2509 9588 558 8753 3 6902 1623 7772 2684 5144 8133 7669 241 8143 2798 799 5004 334 1666 9794 3289 7048 5653 8431 5808 6791 3090 2058 8310 2552 7626 3193 3161 8827 9367 4110 3015 3127 7937 4455 3599 
80 8222 1489 9639 23 9908 3712 3153 8725 792 8995 6765 8376 2599 1938 3118 15 1997 1562 3789 4212 5789 4529 4295 2073 9283 634 4320 8718 3677 6812 2124 9024 231 1387 7390 1780 8080 0 7092 6133 5954 7307 7606 4125 5754 4542 96 8136 8258 6860 3083 7998 2 5763 4857 8932 2118 6176 2833 508 2687 2546 3594 4952 8260 2629 7543 1695 4549 4099 5644 4664 9890 984 1317 631 9673 1819 1606 3094 8232 2420 4653 9159 8574 1543 6304 8908 9809 77 3059 4800 452 2537 1293 2575 9045 5507 9213 420 3778 3460 1390 8470 7109 7731 5573 7026 9547 8648 5807 187 7627 7505 9558 4138 425 8445 7211 7129 7857 7060 5669 4784 9250 3296 51 1262 5863 6334 2711 8444 3764 2146 
81 6952 2000 4954 4100 4966 2454 5495 5499 3985 3208 2150 4814 1517 9709 7284 398 1750 8643 8014 6463 1771 9081 4887 3533 5877 9477 9904 6143 8488 8182 229 759 4735 2594 8140 5056 8991 967 9707 2579 5944 6995 3918 5830 5915 5770 5805 4122 7973 8592 4502 6998 3704 6556 3811 8966 6292 7935 4699 5390 264 7778 9796 9702 9940 3801 2276 828 9016 8084 4507 2698 813 4630 9625 7707 1620 2653 2628 1215 6054 4824 7969 4749 2613 525 5109 3611 7497 6418 1249 7083 5088 157 8198 3206 1462 910 5349 4604 66 6086 9724 8207 6953 932 4040 7222 2811 5624 9117 9791 5938 4000 5693 5404 9801 8704 9072 9070 8567 8937 6988 7252 5890 4623 7448 9684 1119 5678 1084 5207 4239 8624 5244 1302 6262 2963 2441 4765 2793 1912 
82 8397 280 9393 3313 2609 3067 7213 5025 7100 623 7407 5133 6615 2922 6268 2590 2802 8307 3984 534 8690 8388 1816 2820 1706 5832 7819 4637 7115 3885 5712 5104 4778 1731 5846 4992 1027 7928 3732 7905 5097 8206 7758 1954 1310 1986 4552 3037 1066 7727 120 8479 2051 9161 6588 971 426 6517 9315 9147 5488 5442 4309 3306 7072 9497 7585 5885 7603 64 1253 4492 2652 8088 5635 3750 5173 2278 9241 8919 6692 4228 5053 2660 6168 4401 1121 870 9379 4188 2691 6781 5266 9980 8762 9539 3679 2888 9061 4527 4736 6602 8981 3402 8411 3551 4186 2512 6983 3489 7025 5782 7049 165 5557 8785 569 4689 6834 3916 7677 2216 1320 5034 9631 3237 3149 8783 5045 8333 953 4211 3849 9662 1717 2250 766 5193 5605 8176 1848 9274 1313 6189 4249 3908 6039 6358 
83 34 8322 9313 5983 6780 7220 5574 7506 5844 4681 9281 7385 8223 9954 9468 6900 5305 6850 7378 9741 2156 6632 1684 5786 8054 57 7695 9919 1232 6470 8320 2605 7579 2912 6301 1806 3338 9947 6449 4048 8921 8366 6204 9594 10 7524 5552 5593 140 8754 1409 9498 8946 4974 9478 5010 4338 4578 639 4297 2807 3725 7009 7046 8391 4744 9649 1904 5369 5261 7555 1783 8775 9701 161 3351 2608 4640 3953 3980 7792 9995 5988 4399 6283 4817 8764 490 4424 2859 1644 2515 4464 6841 6761 293 1251 5660 8699 2144 8834 585 4643 1995 7641 4610 5308 6581 9866 8942 4073 9216 2909 4617 6645 6428 6059 7844 793 501 5346 7692 9800 1685 5297 3279 5031 6159 3542 2550 100 9848 9210 8748 9423 5581 1457 7599 4950 8613 2357 63 6296 6931 9589 9144 5339 1859 2843 9974 5064 6382 2212 6631 1921 5332 7537 814 9513 8719 964 542 9425 
84 277 9581 4644 2822 6809 5906 8103 4044 1270 7068 8090 4532 3304 1284 9221 7541 7967 1571 4332 467 3694 5762 5069 7178 8463 9475 2924 9480 1385 8094 3635 4210 4622 8757 7583 9098 9309 7182 8519 8093 1342 9492 3771 9374 8990 2311 9953 9340 6439 2620 4965 3040 1621 5180 1250 3308 5328 7110 8274 2724 544 5646 7300 9023 8309 7201 4446 4891 5926 1445 5708 823 6975 5114 4939 3274 4378 4978 5587 6579 1779 3144 8138 2923 4499 7309 5047 6164 2253 7956 6595 7400 8338 1907 973 6996 3900 6534 775 4216 1452 1148 529 3969 4506 3842 5504 1003 1535 9789 2011 4975 9066 2486 8532 8427 2035 9292 3840 6286 926 6922 816 9469 482 4602 5916 2971 230 6502 7032 9884 5335 9012 6011 3912 9256 8439 8640 5209 9476 7453 4920 242 5233 6708 9971 2474 193 439 9031 3181 
85 5385 7906 3521 8354 4105 8651 8272 2634 4485 356 7798 7580 487 4354 7719 773 3350 8916 6569 6783 1890 7608 1283 162 4596 3696 7824 7311 3371 1323 3706 4688 8145 4411 1181 1558 1753 6957 3977 5549 6385 7422 4316 7498 5724 2770 9665 4119 8235 6078 6146 3110 5694 9417 6281 8298 9272 4333 7405 9262 6911 362 6166 8426 3187 8933 248 3433 8410 8862 4528 2185 6407 806 9506 6811 366 4294 211 5542 6695 1916 7811 2821 6341 8672 2328 1424 6723 7964 3975 3829 5946 9407 8681 3320 4955 7700 9997 6564 9766 4315 7851 2152 743 4524 7512 7427 9875 7208 2202 4199 6046 1881 8674 9409 5731 1152 8716 9205 4028 7283 8689 2659 200 4072 9928 952 390 6308 2303 7780 8708 6806 929 3585 6378 5978 7600 5921 3028 8047 6207 6496 7528 550 7870 1642 4741 941 5163 3715 9674 1715 4632 1641 3510 1708 
86 1744 8135 1949 4885 3570 6148 8794 3212 7170 4772 9501 1102 3931 4045 9622 1328 6754 3593 44 7440 3156 5585 6566 3416 5861 5941 8345 1596 7755 1740 1398 2520 9429 9808 36 5981 1263 3776 1240 6893 4964 9366 8179 7265 9099 3102 7365 670 8068 7786 173 5409 6307 5016 6968 6181 7989 6474 8970 6300 2181 5718 9228 109 9085 3988 733 9451 3170 1267 128 5828 6154 8205 7166 5322 5894 4167 8100 3825 8829 8561 6553 5316 6294 4449 9855 7833 7975 7959 509 6548 4035 9208 9019 3713 3527 8472 22 1961 5633 3243 270 5791 3948 802 1743 2148 3769 2334 3439 2387 4938 3990 7820 6875 2187 6848 7911 5076 5987 8190 5252 7446 9640 2010 7375 7050 416 3438 9406 8065 1887 6337 7162 4730 9694 4356 2712 2084 7401 6672 5787 1287 1071 8830 9657 2597 3310 5563 9502 1396 6419 2101 6519 5472 9389 1504 6414 7511 866 3672 1416 8386 9845 5656 6219 6847 697 
87 614 5717 3603 7085 3927 9822 7789 5154 4533 6624 6191 4893 1292 8566 1288 7043 5580 1883 4694 9298 7480 842 1037 9296 9950 9879 3138 2120 676 4197 2828 9382 5956 371 5245 1062 1869 9574 850 5752 2168 3440 8102 9286 4900 6356 989 513 526 9730 510 1329 3471 3492 3117 1614 7814 333 582 7729 2693 8434 4476 2241 943 214 150 2405 7942 6068 9962 3009 6500 1191 5208 3907 1693 4382 1463 5439 4435 2377 3253 1763 3120 2895 4625 4410 9605 2551 368 7348 7241 2245 5870 4514 4101 4525 1033 2252 9257 7943 8761 3653 5155 3982 7685 6772 3428 9990 9872 5309 2464 1662 2201 7588 4783 3007 3252 1786 7716 7519 7985 9959 7509 1605 3020 5259 5961 9924 4993 176 4127 3711 1698 8341 1645 5866 1531 4709 7634 6123 2270 7658 5090 4621 4260 2437 129 3782 8178 3928 6703 9551 6838 4585 2024 7890 1830 5310 4097 3530 7601 7013 7861 6855 5446 2878 4795 6141 
88 7034 9110 9941 9198 2410 4154 5910 7119 8750 9852 537 8369 3407 2650 8925 8253 8601 1374 3886 8157 4921 5610 9318 3073 6237 1410 130 3307 3568 6832 4827 9609 5125 8002 3162 2683 5688 854 2929 8923 2720 2285 3922 5403 8978 5817 1843 8655 7078 2994 1619 692 8304 2635 7128 4757 9703 1653 3604 3724 3412 8570 227 348 1928 9074 963 3734 3566 7616 6386 1356 336 2364 6120 2421 1368 7153 9384 217 9987 2563 1332 630 8147 8938 1183 195 8187 1307 1400 5788 8148 902 5020 3223 3427 8325 771 2230 8050 8165 7266 652 393 8268 2959 4303 2394 1196 3848 1831 5672 5436 3292 6614 2589 3034 6006 4470 7920 5275 4231 665 8418 6424 7621 7652 4365 8637 1818 9597 5094 2402 7891 1615 4535 2088 7374 2894 1652 8416 9765 9217 4457 2750 768 8751 6870 7258 6391 3740 9564 8125 5680 3875 3577 5030 4650 1468 8046 5627 552 5312 693 4961 4695 
89 1490 9763 8452 3472 6400 4598 8508 9146 9534 4845 7295 6184 7797 5384 5260 7059 4775 1734 7369 9975 7573 3880 6663 7441 8571 7349 723 7003 4198 4500 1036 1680 7702 6913 6679 819 3078 6989 3617 9963 5764 7333 3564 4299 6012 1049 4397 251 8516 7724 1419 3093 5080 8553 5202 7822 6001 9149 5951 3586 8822 3001 7678 8443 6361 7508 3213 5123 3986 5650 668 274 2708 3121 685 4311 3219 6104 4409 2373 3506 7882 7181 2920 7912 5189 4367 9678 4747 6302 519 1820 1429 8131 2612 7955 4301 9656 4770 6041 5089 6856 9373 8372 6319 4572 8099 944 4462 2141 1448 6807 4811 5393 5486 7077 3591 3762 81 8423 3733 8805 6664 3478 9396 9107 6622 3929 6174 4782 8440 3335 7983 7852 9336 2050 9376 3132 5115 7838 1194 8530 3610 2344 6637 6623 335 6513 90 8739 3201 5424 39 2953 9650 2743 8231 234 7557 468 3281 9676 6641 6326 2882 9483 499 680 8954 7015 1333 134 2379 1548 2305 1201 110 5965 
90 7179 9526 5234 7539 4575 2761 2827 8545 9718 6365 5663 1179 6023 1595 6478 5352 4031 1712 3466 2448 3012 1594 3535 9152 8721 7306 7491 11 2006 252 8895 1955 8247 4185 7876 8964 3684 3818 7412 6767 5007 6526 2001 5901 5408 4431 3367 35 1764 7656 9397 6888 970 6155 4452 3003 530 7703 8869 2835 6880 4613 179 4104 5816 9659 654 6685 339 5517 7589 985 9582 3133 4380 9437 6254 7237 9704 3864 9034 4234 3699 590 9324 4555 8618 4568 3352 5357 8321 2980 8696 8540 5450 1180 3288 3671 757 528 8141 1586 3643 4716 2931 7966 4064 6795 3218 3404 4342 6535 4139 2348 6212 3757 2416 6454 3639 7425 7445 9325 3579 8381 818 2569 2380 5768 1202 1443 7020 5415 9967 8705 7278 2317 8986 7420 9015 4771 9133 3592 7218 7353 5440 1325 4272 2875 2085 8673 4076 42 9076 9354 3134 8497 4794 4235 9290 539 9620 871 8899 1478 4395 1942 2595 2685 197 6357 1651 7097 1372 1306 8202 
91 5847 678 7921 1336 7648 1110 3056 4985 9234 9958 8622 3877 7198 1301 6055 4126 2945 8927 4248 1582 6465 5477 9057 1533 5668 284 5601 7186 9245 7157 714 1208 7290 1964 4876 2398 9745 9258 5976 1090 4570 7411 142 3343 1059 8469 342 858 54 4388 321 1631 174 1902 3370 5736 3960 3607 6504 8191 4091 1506 3392 4087 3249 4676 4331 8296 9831 5692 4897 6509 4289 3909 8001 8735 7143 3522 1925 6481 6151 4326 1989 6082 5336 908 3673 9201 7568 4962 7424 5226 3333 2415 8568 3632 6530 5998 4595 8215 2548 7544 8591 1444 4899 9815 3767 7404 3923 5651 7836 6186 2863 7518 8181 8547 3889 6485 7388 6824 8184 1616 3429 6727 3482 7028 3178 8124 3226 2159 3196 3198 5979 9165 9906 5215 2898 5065 304 2169 2192 8626 6220 2977 9682 384 6629 2519 2700 8913 6330 8502 9509 5005 2438 8957 5186 3788 9120 7041 5565 5000 6396 1716 5753 4106 6625 8458 3445 3055 8880 3024 2238 3709 1247 2960 7062 7253 1137 378 4903 5430 4571 1782 9798 9043 3454 3383 7622 9737 4252 5107 
92 5135 7961 4360 9414 446 2121 9715 4558 6233 6245 9360 4418 2052 8692 1906 1549 1160 6859 4554 567 4394 457 1799 3413 5917 3702 5150 7219 3606 6032 4226 3991 4592 6374 713 9412 3305 1070 8446 6008 136 3962 9566 2408 3231 2167 7199 4721 9586 9862 3775 8220 2986 8839 4780 9297 7646 4913 5548 5556 3232 4049 412 4445 8156 6722 3447 201 6444 7250 7903 7433 3379 999 8514 367 3098 6750 4429 1020 160 6067 3345 8956 5704 2263 207 9121 6527 4742 16 190 8590 7335 9587 3770 4131 913 3689 5140 5412 9341 7948 2521 4864 6030 8671 1824 536 2496 1947 7675 660 9353 7086 9448 6626 7382 1277 5184 6666 1814 3363 7205 4444 7189 1529 8347 6435 86 122 5350 9202 8371 5210 3858 3011 9157 6013 981 3205 1854 5676 6472 2234 6881 8208 7251 1393 6937 2668 2092 7504 1812 9973 5170 2494 8043 5417 9368 2881 907 8840 5888 3422 657 8492 8715 1598 4164 4230 8522 1241 983 8305 9095 5522 1726 2993 7813 2219 9540 2129 1045 240 3707 5367 7245 546 6901 
93 2137 2473 8349 2067 5649 2039 9086 1023 1901 1231 4403 2978 4825 7825 9821 5991 2439 3347 4639 2547 6676 2299 491 4624 8293 7661 3937 2490 132 2020 7785 8994 3052 2576 2484 4607 9194 8035 6457 6864 6591 4910 8854 1880 855 3785 9246 6854 3910 4972 6276 9944 2655 9654 2586 1343 135 3547 3490 1497 7647 5698 432 2969 2853 1639 1637 6510 1567 7662 8229 6375 4564 4888 2999 4458 4404 3395 2199 3225 4318 431 1765 4522 4543 811 9342 7389 6019 2915 6829 137 2525 1235 873 9490 7408 7591 7941 7835 5531 5795 2105 3051 7350 1905 705 6539 8367 7818 3190 8404 3846 3299 7075 6134 9434 5079 1910 3175 2385 4050 6578 3600 4407 6437 6991 6076 3431 9069 9542 5467 6275 4999 7584 7029 5509 314 7336 358 7766 6845 3050 1101 8513 5598 8275 2642 9348 8945 4679 859 6034 2682 4762 4229 8789 6432 4682 239 6873 8787 5875 9535 6222 6993 5922 4883 9610 9433 2606 1511 2681 5560 483 7151 7693 5347 4034 6524 8865 1741 8295 4178 4601 4427 2401 148 
94 3403 5794 5355 5394 1198 1922 2624 9052 2643 4263 3536 4363 13 4265 6976 455 5814 1727 8943 469 6247 9022 1172 9284 9869 4996 6494 2022 3328 9825 838 7117 3792 9106 3268 2847 9028 2280 9775 2375 3841 276 7487 6211 862 6740 909 91 5845 3084 1889 8872 7763 4496 2290 6027 1358 3033 4254 6729 2268 663 9615 2744 6778 3287 1407 5640 2852 1315 8245 4725 6593 3899 1140 3254 1195 9080 8300 5277 6830 8967 8261 5628 5493 9580 5811 7098 6009 594 587 9864 5479 7330 2675 9457 6295 3895 5521 8252 4060 8097 5093 3621 4274 9672 4082 6978 3861 7965 1300 8700 659 250 1177 9907 9224 892 574 1724 1060 3884 1877 9854 118 4980 8126 219 9671 5608 5464 6612 3786 2905 3658 98 2783 5825 9661 4793 4785 9844 3185 6863 3779 2038 4746 2100 8049 8055 5291 6528 9233 9979 8784 8280 1707 1827 861 6693 7554 9521 5364 8006 7546 9306 2279 9770 9220 5571 7294 9259 954 167 3797 8706 8907 3077 5972 5882 755 3207 9828 1093 8985 1703 9303 551 2896 6261 1699 1136 6111 1006 7960 3872 1756 6839 2967 1874 7828 5804 2358 9351 8471 8767 8062 8851 3409 2867 6725 4002 6359 8544 
95 1276 4251 9470 3154 9 6350 1967 5953 527 6073 8587 3983 9538 7730 5511 8603 7234 292 7593 1205 9818 7285 7363 6552 3518 9732 1165 2142 1116 4982 3772 4466 3065 5153 6713 3583 6427 3947 6476 9287 1122 5969 8315 9585 4471 7523 6730 9301 9064 1434 7351 9880 2932 919 2874 7860 6577 4366 1546 9307 1175 3625 7147 3353 3125 9749 5449 7061 5462 5473 2371 5330 3616 8529 997 5719 5606 4807 20 7007 6943 3389 1242 6924 3209 4270 8383 6699 3675 9760 6558 4581 701 2911 8287 5940 4293 6434 3529 5345 6087 8301 7853 8505 1295 8658 2102 4456 4308 5333 2339 1834 782 8435 5776 2224 8611 7206 9935 422 1580 9244 7632 6739 3317 2763 9454 5671 60 2891 7236 6395 5453 1129 3294 8323 1052 5850 7839 9769 9252 3721 1884 9300 5950 9375 3820 717 9951 2582 2057 5128 3405 7255 9667 1897 7010 6192 4182 9141 8297 6793 651 3346 143 9925 9811 4220 2170 3089 7796 488 2071 933 7717 2516 4415 8645 2174 5577 9664 2393 9143 2132 5326 1184 4909 6469 8243 3548 475 6072 2507 7615 6206 7346 7866 7725 8109 3876 4815 5519 6287 1633 5871 9969 4753 6499 5320 9965 6669 4066 2555 5955 5300 5881 2501 9222 
96 2792 8116 8484 1592 5146 5929 7410 4916 5238 1857 9441 986 9613 5443 2352 3680 8904 8362 6701 5487 7102 290 2517 5014 4493 4436 2026 5924 4969 3678 8917 6066 9989 1034 7862 4600 5561 6907 6417 8806 5815 2987 7874 2739 9726 5227 450 1975 2748 4633 4168 7 601 800 5771 8460 1029 1518 5482 7197 9633 8384 7548 6038 5373 9689 263 7559 3714 4432 5454 1131 6642 6426 8364 3993 961 1788 5420 3456 7919 5659 8855 4090 8069 2829 2666 7380 2215 4300 9485 3998 5930 4384 6985 8578 805 5191 7296 684 5734 5843 616 3966 5400 1199 4302 4225 5225 6572 1485 8 4335 2469 443 3049 4991 6596 3408 6671 6316 3708 1460 2970 9055 3143 7949 7450 9556 3727 6805 4720 9349 7958 5457 9960 360 4240 5726 6246 6940 7764 6263 7909 6999 6473 311 4134 4136 5003 3921 2916 49 189 3852 7195 8219 2735 7947 9443 4313 4614 6173 1649 1155 6050 609 4779 466 4914 843 8814 2886 915 1893 1362 4089 4133 6673 5707 7984 5720 4531 8016 3822 2386 4717 8360 3331 1381 4707 2301 6240 3115 4812 9706 7697 3337 770 9319 9635 2485 449 4017 5239 4247 6471 7651 7586 1936 1930 7885 562 7379 2765 6178 9970 9394 3502 9007 3106 5508 8421 
97 3414 1524 1679 3979 9688 6522 5157 5054 8747 4430 8974 646 8128 4638 6634 107 8998 9132 159 3554 5908 4908 3275 5510 8091 4273 7501 1264 7823 383 5360 3142 8028 3746 8120 9522 4323 1773 6381 2947 8114 1868 3229 8843 8870 2591 9779 9035 9851 6621 40 4364 2862 1992 8350 6122 6681 6113 7510 982 2966 6758 3932 9416 6792 9288 7768 7328 6823 9576 3661 7462 9697 4102 5827 3663 9860 8453 3648 577 5282 8030 7331 7858 346 3420 7413 5558 5727 2138 9933 3959 6787 6172 2388 1760 8808 3064 8612 9042 2273 2383 2559 5588 2289 4062 1206 2601 4019 3538 948 6813 8573 5158 2237 4146 2592 3493 4906 8896 4275 3710 6938 7210 8525 2557 2975 1519 4070 6817 3298 3419 6119 4989 535 4068 3905 4402 1258 8314 3111 6045 8797 1720 9170 1962 6289 5935 6147 6467 7188 5147 2661 7243 8161 1932 4878 6790 8682 7180 3967 4752 3868 3411 6468 124 7475 3553 8891 2879 1864 899 7513 2951 7521 1950 2796 313 5102 8799 4759 5029 4634 4713 4474 607 3957 2149 3246 9628 583 9722 2518 7788 9390 8154 3312 329 1944 5169 4702 8173 1507 2596 4937 9813 5936 363 4036 6592 6576 5171 790 8246 6511 2098 8500 6544 31 9713 9691 1885 6274 6815 1107 2188 1305 
98 6828 4930 144 5599 6482 1412 8332 5745 6411 4539 9849 9550 9445 4245 477 8420 5857 7196 3032 5939 9236 1357 976 7471 9240 9956 1493 1228 647 9647 1498 3469 7914 2572 6594 337 6226 6603 6420 6028 2239 2261 4738 6906 613 2326 8623 2636 540 7570 5067 4763 4137 881 8914 9698 5105 7574 7990 1318 2674 627 5713 7553 4282 2713 386 4498 2680 4902 4948 4791 1337 7344 9614 2696 1790 9229 9867 8162 1484 2927 9096 225 3692 6127 4844 9150 6718 2063 5470 3228 751 2981 3424 9014 9599 4850 3781 7364 5551 7321 9255 6680 918 4548 2504 8236 7160 629 3400 6406 3597 9392 8262 4468 5927 9510 9199 9666 9119 3174 8660 9203 1888 6480 7183 5428 9142 1279 8306 2695 3780 7802 9898 5891 7522 6853 4894 4877 4190 4291 1835 3636 2203 5923 2013 7366 7749 8111 8436 1770 9460 117 1319 1076 725 698 4095 7520 2928 3241 1192 7275 7655 2462 2919 2556 2331 523 1630 4781 4627 5178 5265 6277 8676 2567 6016 153 8480 5655 9756 5769 3145 2721 955 6678 2054 2286 2228 8340 7464 5803 4865 765 3324 5182 1578 1940 8698 7883 3039 8781 9833 7624 9444 9653 6523 4008 2868 8770 2322 315 1331 4501 2937 4208 169 5578 3177 6918 9983 5351 2692 2762 5288 6932 9280 4917 7711 4547 7690 2423 5113 7794 268 5865 6876 9386 7526 7044 4459 6056 8996 1086 4058 1879 3027 4012 6560 4683 1607 4990 
99 6687 4951 9422 3437 376 9482 6874 5162 2171 53 8239 4026 8240 6348 1496 5407 7232 8185 9754 1312 6431 520 4873 7051 6230 8731 2542 1470 2271 3913 6306 7567 4718 3197 3081 2336 3157 9276 5567 80 8419 1345 1762 5996 8171 6303 1739 9739 7805 6036 9592 441 7301 5730 2274 3311 729 4515 2354 1479 6475 5934 1125 3103 6756 4924 4715 975 5904 1115 2277 3053 486 1338 74 8556 8517 1935 5899 3508 300 4206 1696 704 3717 4370 3844 8644 299 5822 9858 9692 5900 7080 9786 6950 2128 2760 4123 8105 7926 5648 5324 2414 1585 6144 889 7807 9183 9049 9903 3314 6782 2545 8628 1471 950 2034 2112 1742 5269 1113 1047 423 3377 3042 4509 7996 1040 8910 9338 2585 3756 2442 5733 8401 6109 4642 3722 5008 7111 1193 87 7082 9883 265 8213 6193 2737 8867 8034 8837 472 1981 6447 9705 9261 6108 19 3021 5892 1568 3626 9103 9214 7900 849 9084 7799 1256 6714 5022 5315 4802 5985 1810 8194 5166 8454 7033 172 462 5108 1488 8598 93 4669 6935 6459 1691 381 1334 113 7316 4141 7812 119 7325 2844 564 3748 492 3870 6194 2786 8950 8344 8355 4582 9744 5129 1659 901 9172 3534 2662 8678 4971 3633 2257 4440 5641 3567 5204 2777 5975 2991 1797 6633 8483 8541 4956 4262 3135 1477 3487 2143 7052 5015 4414 3467 3528 2766 2194 3523 3269 6600 3860 9118 2568 5267 9405 198 3271 1870 1105 2186 8342 5911 2697 4170 9984 8412 9555 7694 8074 7556 7056 6205 4381 1973 1290 1998 9767 1055 9285 2530 5602 8935 1294 
