100
88 5027 4019 1563 9798 2458 5915 8843 6779 2938 5666 4211 576 2850 463 4683 5492 1887 2060 
25 1740 9041 939 4386 6546 1071 2710 3208 580 4180 6549 1213 9556 4120 5731 1844 5706 9086 
91 3593 6026 5792 9566 6504 6980 1837 8006 521 4752 6614 1075 2096 4824 588 6642 3320 4859 2848 
74 1710 1815 6336 3343 6942 6055 1713 5144 6408 2051 4151 953 2568 7182 4685 3972 1637 1487 7624 6729 
62 916 4197 9711 1685 9061 5246 8586 5625 39 5190 6207 9547 3784 6171 9085 7153 3989 1857 5554 
71 1982 4117 4698 7102 6044 3551 8871 6696 8567 1545 6382 7243 2924 433 2473 3542 4642 77 3684 1290 
20 2982 10 9277 8767 649 2720 6697 2102 1461 7135 9175 6283 6580 5120 338 2665 7122 1062 6031 
78 7208 3559 1755 1848 2366 2719 292 1574 7070 2828 141 8886 8642 2988 7507 2135 4422 6890 3301 
58 337 4192 6990 3560 2804 3755 5502 4875 1552 4362 7807 9140 3808 174 3861 1014 4182 5119 6141 
67 5524 3484 856 133 2272 7981 1111 1619 1663 2210 3123 6038 7748 7639 8414 7142 7927 2398 9338 6102 
9 4896 4674 7463 1919 1389 8150 64 2369 354 209 7606 200 1302 4237 4300 5116 5325 2817 3 9335 
32 5925 2156 3987 1116 465 6085 1889 3512 2195 7133 4444 8977 6636 6829 6555 3717 6348 1130 7553 927 
26 4529 6252 59 5604 347 8725 4968 2469 8063 6457 93 34 9607 5233 8600 5749 2581 7049 6001 1263 2264 
18 5638 9460 2970 6510 2101 5947 676 8421 5865 6797 4638 9357 460 9262 2561 1206 4341 9666 1426 2546 4768 
39 7202 8264 3553 2773 2346 2496 3298 3070 4548 1683 1856 2524 7805 3842 5520 1057 3609 9295 239 2683 6887 
16 418 2625 4788 6587 5624 2565 5170 213 456 8512 772 5540 2062 260 3660 1759 7321 6130 6874 5641 5926 
41 5412 2384 8124 6205 5645 9274 2567 2355 2405 1975 1635 5173 7395 1459 3384 2155 618 6711 2939 9902 3756 3097 
12 5477 4845 3617 2344 4716 6321 1051 1092 2341 2184 4032 2878 3513 6943 7506 1794 6499 8716 4732 3000 6604 
17 2095 2527 6763 7181 6262 1474 368 6043 6919 3128 9696 2332 5230 648 1147 4278 586 690 94 8931 1737 
66 7399 9967 4830 297 9306 3541 790 4630 2392 9137 683 6804 8000 3340 7685 1538 818 4523 7032 960 9886 
86 5177 6983 1899 579 3608 4602 5969 3529 6629 5830 6531 254 8989 7165 3644 1148 9855 6443 9660 6249 1502 
33 4511 3005 540 1156 3164 399 5688 3802 2295 5052 6211 5593 2015 8773 3711 194 4051 7648 8770 8991 1387 
52 5656 591 1042 925 5693 8016 7288 3314 6689 352 7956 6731 4001 286 8620 721 1739 4377 3336 2795 464 3110 
48 1282 2312 2071 2484 6818 4496 153 2380 1235 7591 3151 7312 617 7431 6794 2209 6581 1939 394 895 6755 1671 
28 4146 1018 8797 4757 9095 714 8444 9439 8010 492 4709 9123 1345 6025 8401 835 6400 8766 1234 1403 
85 8692 2662 1769 3614 1531 134 6790 963 4331 1662 7574 3838 5916 3209 7394 508 3794 2146 431 7818 6210 2431 
57 759 3218 2917 5695 9609 2228 872 3452 2178 3144 4821 8738 9019 541 9493 2867 8299 5062 3127 4918 5836 4841 
61 1197 6938 752 5405 6454 7041 8590 5901 3509 4879 1309 3625 570 1129 1533 1630 8326 5372 4798 8103 4705 3244 
80 1646 4162 1908 1377 7637 2254 1438 559 8377 6423 7820 9878 1211 2318 7683 9599 7195 6879 3536 3835 4104 2153 
87 8718 5330 6023 4513 4964 8387 7879 6964 7034 4897 1828 7675 7047 1511 3573 7525 2336 2598 1730 7283 1320 
63 2643 7473 6064 2399 1657 9743 3017 3736 3528 223 349 1907 2407 6676 4466 3909 5811 6226 302 5161 3679 2591 
83 2250 8308 1512 1255 2064 6012 2465 7278 1504 9628 5539 8663 4862 1916 942 5403 3663 6871 490 7702 7699 8076 7055 1310 
99 2904 3535 5125 8056 3020 5781 2128 4399 1716 89 4808 1037 1007 4181 3634 2042 2678 6716 6394 7772 6643 
53 66 5903 8621 4287 7609 9461 7417 837 293 3894 6237 1288 1708 2024 2286 2514 8088 7192 113 1002 4202 2684 
46 5059 2921 7763 5454 7232 4665 2247 3940 4620 248 1337 3915 893 3450 9843 6688 3165 1357 9949 438 9842 3077 4023 
37 1237 3167 4694 6344 5683 407 8908 4079 8806 8748 4113 1905 4325 558 6158 7808 3491 2464 838 5971 609 3975 
94 6634 4207 3154 5445 8585 1243 8579 109 4560 527 1427 1672 9442 3125 1466 4855 2408 1945 3735 5414 7858 2003 
69 6544 5021 7706 5176 1094 1595 798 799 904 8475 2490 4973 6144 5470 1748 7690 6301 5620 8014 4344 6165 
11 4149 3734 9320 6571 6595 8503 6463 689 1261 3648 1397 5861 1993 1458 3933 5396 4552 3954 4972 3740 5038 
31 1863 3893 6907 6686 6981 688 5193 1471 9664 283 3777 5547 8538 7036 1217 7893 4006 5263 5127 7990 7961 1816 9234 
2 2745 1650 4739 1741 3433 723 1938 4761 8136 4908 7316 3265 1505 205 635 3088 8104 6054 6298 5440 605 3899 1591 
10 470 5662 5530 1963 3171 32 774 9698 3371 3116 7169 5149 5417 3425 1359 2283 5748 4145 5065 9528 24 5797 6035 5921 
73 5560 8395 5607 1811 9904 2489 1196 8932 5361 5005 2460 2271 3280 4227 9673 29 5823 5392 7377 6552 565 5212 2132 
44 4129 2897 5229 9455 630 3712 392 3181 698 4328 844 1767 3797 1150 1214 435 9186 2476 2959 1407 5185 263 1927 
64 4160 6748 6052 876 853 2537 4293 1233 6190 9944 2220 5236 5689 2743 3604 5235 7527 7092 5163 6329 1146 3980 9162 7585 
68 3594 2885 1960 3291 53 1230 2942 2137 6970 6521 6682 2587 3881 5907 326 8322 748 8683 8724 4194 8732 1623 
56 7335 9165 4936 8197 5508 2706 816 4474 2222 5366 7541 5834 7406 1944 9255 1555 9635 2925 351 4411 9454 562 3189 9652 
27 8169 230 740 2664 2629 4583 8122 1682 4183 5774 4809 2119 4480 1499 2306 7703 2349 807 5376 3360 1462 1827 4704 3849 
15 2497 3957 6813 4992 528 322 8755 7524 4190 7920 9159 937 600 9642 6928 7093 1658 3004 8476 2782 1176 1414 
79 8729 5001 4930 4091 2894 1060 6836 124 2037 8386 6215 2681 7489 4521 6588 8328 2379 3732 7057 1923 7214 2950 
34 5737 68 4380 4794 1432 2005 6398 2457 654 1822 1885 3178 7124 2211 4254 4763 2702 1044 2805 3959 2365 5842 9134 333 
82 8970 3590 5364 294 9433 7650 8296 2518 2294 5302 2753 257 6088 2424 405 4894 6325 5407 8608 8655 3305 7764 1137 9584 
89 1997 4781 3946 7729 2335 1418 573 6006 9952 3730 1353 8870 5997 1516 2133 2429 2856 2309 8297 664 144 4271 4016 3596 4247 
42 8086 3588 9373 4251 3030 6354 5503 2117 1358 6955 6558 5196 2011 6074 2777 1239 5675 2934 1647 5371 5822 9053 
47 674 4004 9776 5762 5365 2302 6094 9110 9355 567 2193 4628 4779 4184 3274 877 7567 6351 6974 6791 3949 4450 7437 
23 4143 5222 3499 6100 2712 3068 2854 2157 964 7200 7922 7760 9153 4263 1932 5014 958 215 908 7867 693 3895 7168 4253 138 
49 2628 3084 4077 4508 2875 6176 8187 518 7621 8130 6832 6338 2308 7771 3273 5416 2410 4395 9368 1946 4542 2387 4977 
36 1488 5955 7811 3914 2605 8028 2014 3758 8236 336 7281 7515 4126 2447 8809 242 2884 1142 5178 1867 9204 3562 9677 
51 3026 5752 7084 2468 2603 3765 4695 5410 311 9348 3468 771 512 7076 8934 7038 1763 673 6917 3047 1107 3380 8518 6259 
14 6027 323 3140 8132 3571 3350 3183 667 1631 425 5328 704 3390 428 4385 7459 1845 783 3186 4459 5322 1832 3402 5929 3458 1315 
40 8800 4802 1396 7951 3852 1948 6202 4398 2395 6965 43 2243 832 8180 6612 2961 9413 2663 6949 1698 2553 8240 7970 
22 4675 1642 3703 1717 525 1074 9230 9516 411 4577 1833 416 2640 9640 1165 2769 6989 6952 5383 5357 127 4468 3950 7433 
45 4526 2362 661 3729 5015 9875 1880 452 3049 4790 7872 1724 3783 556 3694 6434 6988 3283 3760 3651 6154 6737 9400 2575 662 
24 4490 1909 1069 1514 7397 1067 2765 3523 813 3256 6894 5719 8175 412 9782 8936 7105 5806 6152 6356 1279 9891 3430 1077 
55 2619 827 5919 8231 5519 9073 7815 2645 2821 5549 1419 1701 9742 7175 1079 6542 8140 5359 2471 3282 1058 9788 7593 6658 2017 
21 770 8087 3419 1064 6599 5812 5835 3492 1371 6847 7445 4420 2107 2675 1636 4549 2329 2631 2404 340 3104 4652 678 413 5055 
97 1870 2657 8693 6208 406 4971 2396 4482 3643 6991 6498 3666 8795 4419 965 560 7207 9120 8940 2748 8213 397 826 1166 189 2521 4371 
75 7482 3367 3365 2493 6223 8457 2373 1764 1598 2564 5960 9917 3829 6570 9088 8629 8616 8340 7064 8143 3175 2696 2690 3297 3600 
90 719 7914 3226 6414 505 761 8378 9861 9981 2065 6183 7094 4476 2233 1422 682 2125 1087 2909 8918 6200 2580 1202 3337 9305 
7 571 3040 3333 8273 4065 1348 2550 5419 2883 5854 8630 891 718 1995 5521 1746 1043 364 5049 4928 1806 4759 5346 6572 
6 8205 7059 2851 5617 3932 1765 2680 4124 7448 1968 833 1346 7050 2623 2907 1953 4540 376 9392 9900 3724 8375 1955 258 7295 5728 5499 
72 3778 1986 3043 3370 3377 3814 3228 1978 1747 4465 5803 4495 2080 4657 6884 6997 4783 6479 1804 8396 788 6821 8486 160 3053 708 
43 4822 2307 2 760 2421 3851 9565 3272 6261 1560 998 5527 502 757 640 3577 7604 7756 2237 1105 6233 2434 2609 3924 7155 
29 76 4634 3334 3429 7129 3673 2803 5819 8887 9724 1800 506 2411 1994 4169 4303 9908 1875 6923 1402 2121 4519 8721 1958 
65 7062 9132 9538 9386 185 5118 4840 1585 4187 870 6703 4238 792 529 5358 9621 1616 6080 1841 794 5490 5863 5155 6225 1859 5350 
60 9057 2131 1802 3176 5186 9913 8694 3079 4539 7884 1641 7185 4168 86 5063 7040 2485 1839 3278 3820 2052 8131 3929 4947 951 1493 9430 1757 
92 5592 3387 2520 1121 2281 1709 13 2245 1356 786 17 5744 4017 5226 2551 4700 8741 1527 1991 3731 2055 1517 6675 742 
95 8510 7995 1338 6933 8952 6416 7266 2566 3886 4046 8244 5469 2916 5111 2647 1603 5012 1308 3984 5512 4981 5310 9623 2815 2290 8400 1697 1495 
30 1861 7030 6161 1009 1392 7497 7452 3670 3803 1268 5154 2865 9750 4960 5207 753 2004 2660 2021 5251 4378 3236 4418 1314 5935 836 
3 2880 225 3076 1977 6037 3012 6559 5855 4729 4463 944 3845 3073 1127 2532 2798 514 7204 5970 7909 1317 6411 1362 45 
13 2038 9582 8407 3300 5610 1433 1035 6906 2354 7934 6334 7099 2699 2667 453 3028 284 1824 270 4346 1999 2695 8513 2278 4370 
81 5987 3023 3494 5234 9694 5444 9142 4882 4196 7396 9799 6692 2375 95 3485 5541 1699 2541 2154 275 5299 6030 4405 6693 156 4479 1954 
5 5487 430 8679 3920 5046 2574 564 479 5979 2966 7140 840 3906 7429 3403 5984 1817 9040 3908 1962 282 9203 3584 9903 1355 6045 9517 
4 328 5148 5788 3417 4448 6093 1097 3713 1950 1798 6101 1722 817 6242 7935 8127 6909 9237 2301 1333 4955 360 2418 5609 5849 4063 
35 172 7345 3414 2115 3544 4284 129 1519 5137 1271 1026 1073 6409 5584 2009 1983 6617 705 2650 5817 6707 4230 6284 9505 2412 875 8461 
50 7132 4223 4702 1220 2311 9567 5653 3271 3257 8888 3285 5473 4366 3418 3668 4406 2280 743 8417 1588 9090 9015 5893 1940 9213 2529 3106 
0 1323 6854 902 3174 5829 2507 208 363 8248 724 1115 2813 3871 5215 4248 1715 4677 938 2388 763 9031 802 732 3201 9500 2812 
76 6105 4719 894 8976 3985 1378 5421 623 9043 9476 7404 1990 3709 378 2423 7710 1191 1609 2221 2621 7747 9307 4601 1567 1456 
8 9555 5435 6109 3801 2893 2477 577 911 8055 9890 2440 2056 5066 6960 1592 4592 1249 8740 4544 2087 2776 1246 5347 9541 386 8427 7347 
70 3859 2750 3400 6896 51 1393 3249 3463 7027 1072 1842 1500 6079 6231 729 489 9561 3292 2167 1405 1566 5567 3805 6412 1126 6169 
96 5265 4255 2305 1015 221 9147 8521 2409 2898 8749 7913 5938 3790 7201 1818 2438 8442 7252 4252 7159 2914 6229 3496 2569 4299 2862 
98 6425 1081 866 5770 6198 5859 9465 1984 3715 401 4025 4868 3101 9549 5756 6137 5533 2980 6116 3557 883 9856 2046 5305 1695 2611 3323 7242 
1 9705 2752 1326 6002 2482 672 1266 5339 1484 2746 291 9164 2932 4163 4550 159 1797 4214 2808 1260 2040 9836 9440 2584 2172 6624 4848 
59 1486 369 2256 9874 3568 7414 7873 306 1299 1539 5672 1053 5795 3159 4381 3366 3219 3224 1367 9901 3339 2926 4708 1621 
54 1424 2165 1686 5832 1496 469 1579 2830 4501 3702 713 4073 7509 9675 2289 4361 6649 568 2669 9862 7532 6036 7301 5724 108 232 4 
19 2624 3883 6243 4621 467 9021 9154 766 3258 8206 9511 4599 4913 8497 2204 862 75 218 3866 666 212 1653 3589 4154 1775 3775 3654 7603 1679 
84 2357 926 4020 48 2595 3354 9977 6355 5692 4029 4949 4850 1406 6973 4409 1873 2186 4690 7428 149 1404 8345 1886 2834 9211 7653 2888 4952 720 
93 5341 3911 5022 334 6365 6267 6009 177 1803 9596 1964 7411 5256 6677 3313 7163 546 1375 4531 1934 1295 2479 535 1518 2092 4895 
38 8490 2176 1608 3100 9678 7676 8752 3385 2792 33 16 7590 987 3943 787 5431 271 358 6641 4494 920 3848 6192 687 8890 9560 946 4374 1168 
77 3094 6383 2326 6446 4854 8942 2931 307 9631 7304 2224 2300 9135 7357 97 888 3456 6812 7085 3576 1182 3827 4937 6817 2764 4348 9231 5697 3246 4835 8466 
